
            DAILY SOLAR FLARE INDEX
           01 JAN 1997 - 31 DEC 1997
________________________________________________

  TIME (DAY)            NORTH    SOUTH    TOTAL
================================================
  01-Jan-97    11324     0.00     0.00     0.00
  02-Jan-97    11325     0.00     0.00     0.00
  03-Jan-97    11326     0.00     0.00     0.00
  04-Jan-97    11327     0.00     0.00     0.00
  05-Jan-97    11328     0.00     0.00     0.00
  06-Jan-97    11329     0.00     0.00     0.00
  07-Jan-97    11330     0.00     0.12     0.12
  08-Jan-97    11331     0.00     0.00     0.00
  09-Jan-97    11332     0.00     0.00     0.00
  10-Jan-97    11333     0.00     0.00     0.00
  11-Jan-97    11334     0.00     0.00     0.00
  12-Jan-97    11335     0.00     0.00     0.00
  13-Jan-97    11336     0.00     0.00     0.00
  14-Jan-97    11337     0.00     0.00     0.00
  15-Jan-97    11338     0.00     0.00     0.00
  16-Jan-97    11339     0.00     0.00     0.00
  17-Jan-97    11340     0.00     0.00     0.00
  18-Jan-97    11341     0.00     0.33     0.33
  19-Jan-97    11342     0.00     0.13     0.13
  20-Jan-97    11343     0.00     0.47     0.47
  21-Jan-97    11344     0.00     0.00     0.00
  22-Jan-97    11345     0.00     0.00     0.00
  23-Jan-97    11346     0.00     0.00     0.00
  24-Jan-97    11347     0.00     0.00     0.00
  25-Jan-97    11348     0.00     0.00     0.00
  26-Jan-97    11349     0.00     0.00     0.00
  27-Jan-97    11350     0.00     0.43     0.43
  28-Jan-97    11351     0.00     0.00     0.00
  29-Jan-97    11352     0.42     0.00     0.42
  30-Jan-97    11353     0.00     0.00     0.00
  31-Jan-97    11354     0.00     0.00     0.00
  01-Feb-97    11355     0.00     0.00     0.00
  02-Feb-97    11356     0.34     3.86     4.20
  03-Feb-97    11357     0.73     0.39     1.11
  04-Feb-97    11358     0.97     0.74     1.71
  05-Feb-97    11359     0.00     0.00     0.00
  06-Feb-97    11360     0.00     0.00     0.00
  07-Feb-97    11361     0.00     0.00     0.00
  08-Feb-97    11362     0.22     0.00     0.22
  09-Feb-97    11363     0.00     0.00     0.00
  10-Feb-97    11364     0.00     0.00     0.00
  11-Feb-97    11365     0.00     0.00     0.00
  12-Feb-97    11366     0.00     0.00     0.00
  13-Feb-97    11367     0.00     0.00     0.00
  14-Feb-97    11368     0.00     0.00     0.00
  15-Feb-97    11369     0.00     0.00     0.00
  16-Feb-97    11370     0.00     0.00     0.00
  17-Feb-97    11371     0.00     0.00     0.00
  18-Feb-97    11372     0.00     0.00     0.00
  19-Feb-97    11373     0.21     0.00     0.21
  20-Feb-97    11374     1.04     0.00     1.04
  21-Feb-97    11375     0.00     0.00     0.00
  22-Feb-97    11376     0.00     0.00     0.00
  23-Feb-97    11377     0.00     0.00     0.00
  24-Feb-97    11378     0.00     0.00     0.00
  25-Feb-97    11379     0.00     0.00     0.00
  26-Feb-97    11380     0.00     0.00     0.00
  27-Feb-97    11381     0.00     0.00     0.00
  28-Feb-97    11382     0.00     0.00     0.00
  01-Mar-97    11383     0.00     0.00     0.00
  02-Mar-97    11384     0.00     0.00     0.00
  03-Mar-97    11385     0.00     0.00     0.00
  04-Mar-97    11386     0.00     0.00     0.00
  05-Mar-97    11387     0.00     0.00     0.00
  06-Mar-97    11388     0.31     0.00     0.31
  07-Mar-97    11389     0.17     0.00     0.17
  08-Mar-97    11390     0.25     0.00     0.25
  09-Mar-97    11391     0.00     0.00     0.00
  10-Mar-97    11392     0.00     0.00     0.00
  11-Mar-97    11393     0.00     0.00     0.00
  12-Mar-97    11394     0.00     0.00     0.00
  13-Mar-97    11395     0.00     0.00     0.00
  14-Mar-97    11396     0.00     0.00     0.00
  15-Mar-97    11397     0.00     0.00     0.00
  16-Mar-97    11398     0.00     0.06     0.06
  17-Mar-97    11399     0.00     0.00     0.00
  18-Mar-97    11400     0.00     0.00     0.00
  19-Mar-97    11401     0.00     0.00     0.00
  20-Mar-97    11402     0.00     0.00     0.00
  21-Mar-97    11403     0.00     0.00     0.00
  22-Mar-97    11404     0.00     0.00     0.00
  23-Mar-97    11405     0.00     0.00     0.00
  24-Mar-97    11406     0.00     0.00     0.00
  25-Mar-97    11407     0.00     0.00     0.00
  26-Mar-97    11408     0.00     0.00     0.00
  27-Mar-97    11409     0.00     0.74     0.74
  28-Mar-97    11410     0.00     2.79     2.79
  29-Mar-97    11411     0.00     0.06     0.06
  30-Mar-97    11412     0.00     0.00     0.00
  31-Mar-97    11413     0.00     0.00     0.00
  01-Apr-97    11414     0.00     3.90     3.90
  02-Apr-97    11415     0.00     3.06     3.06
  03-Apr-97    11416     0.00     0.00     0.00
  04-Apr-97    11417     0.00     0.00     0.00
  05-Apr-97    11418     0.00     0.61     0.61
  06-Apr-97    11419     0.00     0.61     0.61
  07-Apr-97    11420     0.00     7.46     7.46
  08-Apr-97    11421     0.00     0.00     0.00
  09-Apr-97    11422     0.00     1.46     1.46
  10-Apr-97    11423     0.27     0.20     0.48
  11-Apr-97    11424     0.00     0.00     0.00
  12-Apr-97    11425     0.00     0.00     0.00
  13-Apr-97    11426     0.00     0.31     0.31
  14-Apr-97    11427     0.00     0.40     0.40
  15-Apr-97    11428     0.38     2.42     2.79
  16-Apr-97    11429     0.00     0.32     0.32
  17-Apr-97    11430     0.00     0.00     0.00
  18-Apr-97    11431     0.00     0.00     0.00
  19-Apr-97    11432     0.00     0.00     0.00
  20-Apr-97    11433     0.00     0.00     0.00
  21-Apr-97    11434     0.00     0.00     0.00
  22-Apr-97    11435     0.00     0.00     0.00
  23-Apr-97    11436     0.00     0.00     0.00
  24-Apr-97    11437     0.00     0.00     0.00
  25-Apr-97    11438     0.00     0.00     0.00
  26-Apr-97    11439     0.00     0.33     0.33
  27-Apr-97    11440     0.00     0.00     0.00
  28-Apr-97    11441     0.00     0.00     0.00
  29-Apr-97    11442     0.00     0.00     0.00
  30-Apr-97    11443     0.00     0.00     0.00
  01-May-97    11444     0.00     0.00     0.00
  02-May-97    11445     0.00     0.00     0.00
  03-May-97    11446     0.00     0.18     0.18
  04-May-97    11447     0.00     0.00     0.00
  05-May-97    11448     0.00     0.00     0.00
  06-May-97    11449     0.28     0.00     0.28
  07-May-97    11450     0.00     0.00     0.00
  08-May-97    11451     0.00     0.20     0.20
  09-May-97    11452     0.00     0.00     0.00
  10-May-97    11453     0.00     0.00     0.00
  11-May-97    11454     0.00     0.00     0.00
  12-May-97    11455     3.77     0.00     3.77
  13-May-97    11456     0.00     0.00     0.00
  14-May-97    11457     0.00     0.00     0.00
  15-May-97    11458     0.00     0.00     0.00
  16-May-97    11459     0.20     0.00     0.20
  17-May-97    11460     0.86     0.00     0.86
  18-May-97    11461     0.00     0.00     0.00
  19-May-97    11462     0.00     0.00     0.00
  20-May-97    11463     0.00     0.00     0.00
  21-May-97    11464    11.66     0.00    11.66
  22-May-97    11465     0.00     0.00     0.00
  23-May-97    11466     0.81     0.00     0.81
  24-May-97    11467     0.00     0.09     0.09
  25-May-97    11468     0.00     6.79     6.79
  26-May-97    11469     0.65     0.53     1.18
  27-May-97    11470    12.28     0.63    12.92
  28-May-97    11471     0.00     0.83     0.83
  29-May-97    11472     0.00     0.11     0.11
  30-May-97    11473     0.00     0.00     0.00
  31-May-97    11474     0.00     0.12     0.12
  01-Jun-97    11475     0.00     3.71     3.71
  02-Jun-97    11476     0.00     0.00     0.00
  03-Jun-97    11477     0.00     0.08     0.08
  04-Jun-97    11478     0.00     0.00     0.00
  05-Jun-97    11479     0.00     0.00     0.00
  06-Jun-97    11480     0.00     0.00     0.00
  07-Jun-97    11481     0.00     0.21     0.21
  08-Jun-97    11482     0.00     0.00     0.00
  09-Jun-97    11483     0.22     0.22     0.43
  10-Jun-97    11484     0.00     0.00     0.00
  11-Jun-97    11485     0.00     0.00     0.00
  12-Jun-97    11486     0.54     0.00     0.54
  13-Jun-97    11487     0.00     0.00     0.00
  14-Jun-97    11488     0.00     0.00     0.00
  15-Jun-97    11489     0.00     0.00     0.00
  16-Jun-97    11490     0.00     0.00     0.00
  17-Jun-97    11491     0.13     0.00     0.13
  18-Jun-97    11492     0.00     0.00     0.00
  19-Jun-97    11493     0.00     0.00     0.00
  20-Jun-97    11494     0.00     0.00     0.00
  21-Jun-97    11495     0.00     0.33     0.33
  22-Jun-97    11496     0.00     0.00     0.00
  23-Jun-97    11497     0.00     0.00     0.00
  24-Jun-97    11498     0.00     0.00     0.00
  25-Jun-97    11499     0.00     0.00     0.00
  26-Jun-97    11500     0.00     0.00     0.00
  27-Jun-97    11501     0.00     0.00     0.00
  28-Jun-97    11502     1.11     0.00     1.11
  29-Jun-97    11503     0.31     0.00     0.31
  30-Jun-97    11504     0.13     0.00     0.13
  01-Jul-97    11505     0.00     0.00     0.00
  02-Jul-97    11506     0.00     0.00     0.00
  03-Jul-97    11507     0.00     0.33     0.33
  04-Jul-97    11508     0.00     0.00     0.00
  05-Jul-97    11509     0.00     0.00     0.00
  06-Jul-97    11510     0.00     0.00     0.00
  07-Jul-97    11511     0.00     0.00     0.00
  08-Jul-97    11512     0.00     0.00     0.00
  09-Jul-97    11513     0.00     0.73     0.73
  10-Jul-97    11514     0.00     0.00     0.00
  11-Jul-97    11515     0.00     0.00     0.00
  12-Jul-97    11516     0.00     0.00     0.00
  13-Jul-97    11517     0.00     0.00     0.00
  14-Jul-97    11518     0.00     0.00     0.00
  15-Jul-97    11519     0.00     0.00     0.00
  16-Jul-97    11520     0.00     0.00     0.00
  17-Jul-97    11521     0.00     0.00     0.00
  18-Jul-97    11522     0.00     0.00     0.00
  19-Jul-97    11523     0.00     0.00     0.00
  20-Jul-97    11524     0.00     0.70     0.70
  21-Jul-97    11525     0.00     0.00     0.00
  22-Jul-97    11526     0.11     0.00     0.11
  23-Jul-97    11527     0.00     0.00     0.00
  24-Jul-97    11528     1.11     0.00     1.11
  25-Jul-97    11529     3.71     0.00     3.71
  26-Jul-97    11530     0.07     0.00     0.07
  27-Jul-97    11531     0.67     0.00     0.67
  28-Jul-97    11532     0.00     0.00     0.00
  29-Jul-97    11533     1.26     0.00     1.26
  30-Jul-97    11534     0.00     0.00     0.00
  31-Jul-97    11535     0.00     0.00     0.00
  01-Aug-97    11536     0.00     0.00     0.00
  02-Aug-97    11537     0.00     0.00     0.00
  03-Aug-97    11538     0.00     0.54     0.54
  04-Aug-97    11539     0.00     0.00     0.00
  05-Aug-97    11540     0.00     0.00     0.00
  06-Aug-97    11541     0.24     0.00     0.24
  07-Aug-97    11542     1.79     0.00     1.79
  08-Aug-97    11543     0.44     0.00     0.44
  09-Aug-97    11544     1.09     0.00     1.09
  10-Aug-97    11545     1.88     0.00     1.88
  11-Aug-97    11546     0.21     0.00     0.21
  12-Aug-97    11547     2.41     0.18     2.59
  13-Aug-97    11548     0.89     0.37     1.26
  14-Aug-97    11549     0.38     0.00     0.38
  15-Aug-97    11550     0.00     0.00     0.00
  16-Aug-97    11551     0.00     0.00     0.00
  17-Aug-97    11552     0.00     0.00     0.00
  18-Aug-97    11553     0.00     0.00     0.00
  19-Aug-97    11554     0.00     0.00     0.00
  20-Aug-97    11555     0.00     0.00     0.00
  21-Aug-97    11556     0.12     0.00     0.12
  22-Aug-97    11557     0.00     0.00     0.00
  23-Aug-97    11558     0.00     0.00     0.00
  24-Aug-97    11559     0.88     0.44     1.33
  25-Aug-97    11560     2.15     0.00     2.15
  26-Aug-97    11561     1.91     0.00     1.91
  27-Aug-97    11562     0.00     0.19     0.19
  28-Aug-97    11563     0.46     0.50     0.96
  29-Aug-97    11564     3.64     0.00     3.64
  30-Aug-97    11565     1.43     0.00     1.43
  31-Aug-97    11566     1.38     0.00     1.38
  01-Sep-97    11567     1.08     0.00     1.08
  02-Sep-97    11568     1.58     0.00     1.58
  03-Sep-97    11569     1.53     1.67     3.19
  04-Sep-97    11570     0.15     0.72     0.86
  05-Sep-97    11571     1.44     0.00     1.44
  06-Sep-97    11572     1.58     0.10     1.68
  07-Sep-97    11573     0.42     1.85     2.27
  08-Sep-97    11574     2.19     4.54     6.73
  09-Sep-97    11575     0.23     5.15     5.38
  10-Sep-97    11576     0.74     0.74     1.47
  11-Sep-97    11577     0.55     0.20     0.74
  12-Sep-97    11578     1.27     0.08     1.36
  13-Sep-97    11579     4.72     0.00     4.72
  14-Sep-97    11580     1.00     0.69     1.69
  15-Sep-97    11581     6.43     2.35     8.78
  16-Sep-97    11582     1.49     0.00     1.49
  17-Sep-97    11583     2.28     0.90     3.18
  18-Sep-97    11584     0.00     0.16     0.16
  19-Sep-97    11585     0.00     0.25     0.25
  20-Sep-97    11586     0.07     0.00     0.07
  21-Sep-97    11587     0.00     0.89     0.89
  22-Sep-97    11588     0.00     6.66     6.66
  23-Sep-97    11589     0.00     3.85     3.85
  24-Sep-97    11590     0.00     5.85     5.85
  25-Sep-97    11591     0.00     2.19     2.19
  26-Sep-97    11592     0.00     1.58     1.58
  27-Sep-97    11593     0.00     0.00     0.00
  28-Sep-97    11594     0.00     0.04     0.04
  29-Sep-97    11595     0.00     0.58     0.58
  30-Sep-97    11596     0.00     0.00     0.00
  01-Oct-97    11597     1.56     0.00     1.56
  02-Oct-97    11598     0.13     0.29     0.42
  03-Oct-97    11599     0.55     0.00     0.55
  04-Oct-97    11600     0.00     0.00     0.00
  05-Oct-97    11601     0.33     0.00     0.33
  06-Oct-97    11602     0.08     0.00     0.08
  07-Oct-97    11603     0.00     0.00     0.00
  08-Oct-97    11604     0.00     0.00     0.00
  09-Oct-97    11605     1.18     0.00     1.18
  10-Oct-97    11606     0.46     0.00     0.46
  11-Oct-97    11607     0.77     0.00     0.77
  12-Oct-97    11608     0.00     0.00     0.00
  13-Oct-97    11609     1.21     0.00     1.21
  14-Oct-97    11610     0.23     0.00     0.23
  15-Oct-97    11611     0.00     0.00     0.00
  16-Oct-97    11612     0.17     0.00     0.17
  17-Oct-97    11613     0.46     0.00     0.46
  18-Oct-97    11614     0.00     0.00     0.00
  19-Oct-97    11615     0.00     0.00     0.00
  20-Oct-97    11616     0.00     0.00     0.00
  21-Oct-97    11617     0.97     0.00     0.97
  22-Oct-97    11618     0.00     0.00     0.00
  23-Oct-97    11619     0.00     0.00     0.00
  24-Oct-97    11620     0.00     0.00     0.00
  25-Oct-97    11621     0.66     0.00     0.66
  26-Oct-97    11622     0.00     0.00     0.00
  27-Oct-97    11623     0.15     0.11     0.26
  28-Oct-97    11624     0.00     1.40     1.40
  29-Oct-97    11625     0.42     0.00     0.42
  30-Oct-97    11626     0.00     0.78     0.78
  31-Oct-97    11627     0.00     0.08     0.08
  01-Nov-97    11628     0.00     0.60     0.60
  02-Nov-97    11629     0.00     2.79     2.79
  03-Nov-97    11630     0.00    17.11    17.11
  04-Nov-97    11631     2.47    23.95    26.41
  05-Nov-97    11632     2.46     8.84    11.31
  06-Nov-97    11633     0.86    10.44    11.31
  07-Nov-97    11634     1.03     0.21     1.24
  08-Nov-97    11635     0.00     0.00     0.00
  09-Nov-97    11636     0.54     0.00     0.54
  10-Nov-97    11637     2.02     0.00     2.02
  11-Nov-97    11638     2.56     0.00     2.56
  12-Nov-97    11639     0.00     0.00     0.00
  13-Nov-97    11640     0.52     0.00     0.52
  14-Nov-97    11641     2.29     0.00     2.29
  15-Nov-97    11642     5.48     0.00     5.48
  16-Nov-97    11643     0.81     0.00     0.81
  17-Nov-97    11644     1.91     0.12     2.03
  18-Nov-97    11645     0.81     0.57     1.38
  19-Nov-97    11646     0.37     0.00     0.37
  20-Nov-97    11647     0.96     0.00     0.96
  21-Nov-97    11648     3.41     0.00     3.41
  22-Nov-97    11649     0.28     0.30     0.58
  23-Nov-97    11650     1.75     0.00     1.75
  24-Nov-97    11651     1.75     0.00     1.75
  25-Nov-97    11652     0.21     0.00     0.21
  26-Nov-97    11653     2.12     0.00     2.12
  27-Nov-97    11654     5.53     0.00     5.53
  28-Nov-97    11655    14.05     4.94    18.98
  29-Nov-97    11656    10.71     0.00    10.71
  30-Nov-97    11657     2.09     0.00     2.09
  01-Dec-97    11658     8.76     0.00     8.76
  02-Dec-97    11659     0.55     0.00     0.55
  03-Dec-97    11660     4.81     0.00     4.81
  04-Dec-97    11661     0.88     0.00     0.88
  05-Dec-97    11662     0.00     0.00     0.00
  06-Dec-97    11663     0.77     0.00     0.77
  07-Dec-97    11664     0.00     0.75     0.75
  08-Dec-97    11665     0.00     0.00     0.00
  09-Dec-97    11666     0.00     0.00     0.00
  10-Dec-97    11667     0.44     0.00     0.44
  11-Dec-97    11668     0.53     0.00     0.53
  12-Dec-97    11669     4.19     0.00     4.19
  13-Dec-97    11670     0.00     0.00     0.00
  14-Dec-97    11671     1.33     0.00     1.33
  15-Dec-97    11672     1.21     0.00     1.21
  16-Dec-97    11673     0.25     0.00     0.25
  17-Dec-97    11674     0.00     0.00     0.00
  18-Dec-97    11675     0.00     0.00     0.00
  19-Dec-97    11676     0.39     0.00     0.39
  20-Dec-97    11677     0.00     0.00     0.00
  21-Dec-97    11678     0.00     0.22     0.22
  22-Dec-97    11679     0.00     0.66     0.66
  23-Dec-97    11680     0.00     0.00     0.00
  24-Dec-97    11681     0.07     0.12     0.19
  25-Dec-97    11682     0.00     0.25     0.25
  26-Dec-97    11683     0.00     0.87     0.87
  27-Dec-97    11684     0.27     1.59     1.86
  28-Dec-97    11685     0.00     0.12     0.12
  29-Dec-97    11686     0.15     0.13     0.27
  30-Dec-97    11687     0.29     0.24     0.53
  31-Dec-97    11688     0.60     0.85     1.45