
            DAILY SOLAR FLARE INDEX
           01 JAN 1985 - 31 DEC 1985
________________________________________________

  TIME (DAY)            NORTH    SOUTH    TOTAL
================================================
  01-Jan-85     6941     0.00     0.72     0.72
  02-Jan-85     6942     0.00     0.00     0.00
  03-Jan-85     6943     7.35     0.00     7.35
  04-Jan-85     6944     0.00     0.00     0.00
  05-Jan-85     6945     0.00     0.00     0.00
  06-Jan-85     6946     0.00     0.00     0.00
  07-Jan-85     6947     0.00     0.00     0.00
  08-Jan-85     6948     0.00     0.00     0.00
  09-Jan-85     6949     0.00     0.00     0.00
  10-Jan-85     6950     0.41     0.00     0.41
  11-Jan-85     6951     0.00     0.00     0.00
  12-Jan-85     6952     0.00     0.00     0.00
  13-Jan-85     6953     0.00     0.40     0.40
  14-Jan-85     6954     0.00     2.61     2.61
  15-Jan-85     6955     0.00     2.68     2.68
  16-Jan-85     6956     0.00     5.11     5.11
  17-Jan-85     6957     2.46     3.19     5.65
  18-Jan-85     6958     0.00     3.34     3.34
  19-Jan-85     6959     3.87     5.92     9.79
  20-Jan-85     6960     0.23     9.00     9.24
  21-Jan-85     6961     0.29    28.90    29.19
  22-Jan-85     6962     0.00    17.40    17.40
  23-Jan-85     6963     0.00     8.38     8.38
  24-Jan-85     6964     0.00     4.86     4.86
  25-Jan-85     6965     0.00     0.27     0.27
  26-Jan-85     6966     1.36     0.00     1.36
  27-Jan-85     6967     0.30     0.00     0.30
  28-Jan-85     6968     0.00     0.00     0.00
  29-Jan-85     6969     0.00     0.00     0.00
  30-Jan-85     6970     0.00     0.00     0.00
  31-Jan-85     6971     0.26     0.00     0.26
  01-Feb-85     6972     0.34     0.00     0.34
  02-Feb-85     6973     1.67     0.00     1.67
  03-Feb-85     6974     0.72     0.99     1.71
  04-Feb-85     6975     0.69     0.00     0.69
  05-Feb-85     6976     0.00     1.00     1.00
  06-Feb-85     6977     0.00     0.00     0.00
  07-Feb-85     6978     0.00     2.31     2.31
  08-Feb-85     6979     0.09     0.00     0.09
  09-Feb-85     6980     0.23     0.00     0.23
  10-Feb-85     6981     0.00     0.28     0.28
  11-Feb-85     6982     0.00     0.35     0.35
  12-Feb-85     6983     0.00     0.00     0.00
  13-Feb-85     6984     0.00     0.00     0.00
  14-Feb-85     6985     0.00     0.00     0.00
  15-Feb-85     6986     0.00     0.00     0.00
  16-Feb-85     6987     0.02     0.00     0.02
  17-Feb-85     6988     0.00     0.00     0.00
  18-Feb-85     6989     0.00     0.00     0.00
  19-Feb-85     6990     2.90     0.00     2.90
  20-Feb-85     6991     0.65     0.00     0.65
  21-Feb-85     6992     0.36     0.00     0.36
  22-Feb-85     6993     0.48     0.00     0.48
  23-Feb-85     6994     0.00     0.00     0.00
  24-Feb-85     6995     0.00     0.00     0.00
  25-Feb-85     6996     0.00     0.00     0.00
  26-Feb-85     6997     0.00     0.00     0.00
  27-Feb-85     6998     0.00     0.00     0.00
  28-Feb-85     6999     0.00     0.00     0.00
  01-Mar-85     7000     0.36     0.00     0.36
  02-Mar-85     7001     0.00     0.00     0.00
  03-Mar-85     7002     0.00     0.00     0.00
  04-Mar-85     7003     0.00     0.00     0.00
  05-Mar-85     7004     0.00     0.00     0.00
  06-Mar-85     7005     0.00     0.00     0.00
  07-Mar-85     7006     0.00     0.00     0.00
  08-Mar-85     7007     0.00     0.00     0.00
  09-Mar-85     7008     0.00     0.00     0.00
  10-Mar-85     7009     0.00     0.00     0.00
  11-Mar-85     7010     1.96     0.14     2.10
  12-Mar-85     7011     1.99     0.00     1.99
  13-Mar-85     7012     0.00     0.00     0.00
  14-Mar-85     7013     0.00     0.00     0.00
  15-Mar-85     7014     0.00     3.28     3.28
  16-Mar-85     7015     0.00     0.00     0.00
  17-Mar-85     7016     0.00     0.08     0.08
  18-Mar-85     7017     0.00     0.92     0.92
  19-Mar-85     7018     0.00     0.59     0.59
  20-Mar-85     7019     0.50     0.15     0.66
  21-Mar-85     7020     0.60     0.35     0.96
  22-Mar-85     7021     0.00     0.00     0.00
  23-Mar-85     7022     2.24     1.88     4.11
  24-Mar-85     7023     0.42     0.23     0.65
  25-Mar-85     7024     0.33     0.00     0.33
  26-Mar-85     7025     0.80     0.00     0.80
  27-Mar-85     7026     0.07     0.00     0.07
  28-Mar-85     7027     0.48     0.00     0.48
  29-Mar-85     7028     0.00     0.00     0.00
  30-Mar-85     7029     0.23     0.00     0.23
  31-Mar-85     7030     0.00     0.81     0.81
  01-Apr-85     7031     0.00     3.10     3.10
  02-Apr-85     7032     0.20     0.00     0.20
  03-Apr-85     7033     5.62     0.00     5.62
  04-Apr-85     7034     0.00     6.52     6.52
  05-Apr-85     7035     0.42     4.44     4.85
  06-Apr-85     7036     0.00     2.08     2.08
  07-Apr-85     7037     0.00     2.38     2.38
  08-Apr-85     7038     0.00     0.40     0.40
  09-Apr-85     7039     0.00     0.27     0.27
  10-Apr-85     7040     0.00     0.00     0.00
  11-Apr-85     7041     0.00     0.00     0.00
  12-Apr-85     7042     0.00     0.50     0.50
  13-Apr-85     7043     0.00     0.00     0.00
  14-Apr-85     7044     0.00     0.00     0.00
  15-Apr-85     7045     0.00     0.00     0.00
  16-Apr-85     7046     0.00     0.00     0.00
  17-Apr-85     7047     0.00     3.75     3.75
  18-Apr-85     7048     0.00     1.04     1.04
  19-Apr-85     7049     0.00     0.00     0.00
  20-Apr-85     7050     2.17     0.00     2.17
  21-Apr-85     7051    13.63     0.00    13.63
  22-Apr-85     7052     6.00     0.00     6.00
  23-Apr-85     7053     3.87     0.00     3.87
  24-Apr-85     7054    25.27     0.00    25.27
  25-Apr-85     7055    18.85     0.22    19.07
  26-Apr-85     7056     2.03     0.00     2.03
  27-Apr-85     7057     0.69     0.00     0.69
  28-Apr-85     7058     4.16     0.00     4.16
  29-Apr-85     7059     0.96     0.00     0.96
  30-Apr-85     7060     0.96     0.00     0.96
  01-May-85     7061     1.75     0.63     2.38
  02-May-85     7062    15.79     0.00    15.79
  03-May-85     7063     4.21     0.00     4.21
  04-May-85     7064     0.00     0.00     0.00
  05-May-85     7065     0.00     0.00     0.00
  06-May-85     7066     0.28     0.93     1.21
  07-May-85     7067     1.07     1.42     2.49
  08-May-85     7068     1.21     1.40     2.60
  09-May-85     7069     2.88     2.69     5.56
  10-May-85     7070     0.00     2.06     2.06
  11-May-85     7071     0.58     5.06     5.65
  12-May-85     7072     0.00     2.15     2.15
  13-May-85     7073     0.00     9.41     9.41
  14-May-85     7074     0.21     7.44     7.65
  15-May-85     7075     0.00     0.81     0.81
  16-May-85     7076     0.28     2.49     2.77
  17-May-85     7077     4.35     0.95     5.30
  18-May-85     7078     4.58     4.18     8.76
  19-May-85     7079     0.48     0.74     1.22
  20-May-85     7080     0.36     0.00     0.36
  21-May-85     7081     4.77     0.00     4.77
  22-May-85     7082     1.88     0.00     1.88
  23-May-85     7083     2.31     0.00     2.31
  24-May-85     7084     0.71     0.23     0.94
  25-May-85     7085     1.56     0.00     1.56
  26-May-85     7086     0.00     0.00     0.00
  27-May-85     7087     0.00     0.00     0.00
  28-May-85     7088     0.00     0.00     0.00
  29-May-85     7089     0.33     0.00     0.33
  30-May-85     7090     0.00     0.00     0.00
  31-May-85     7091     0.44     0.00     0.44
  01-Jun-85     7092     0.00     0.00     0.00
  02-Jun-85     7093     0.00     1.06     1.06
  03-Jun-85     7094     0.00     3.16     3.16
  04-Jun-85     7095     0.00     2.58     2.58
  05-Jun-85     7096     1.31     3.42     4.73
  06-Jun-85     7097     0.23     2.32     2.55
  07-Jun-85     7098     2.13     0.89     3.02
  08-Jun-85     7099     0.79     4.83     5.63
  09-Jun-85     7100     0.52     3.12     3.64
  10-Jun-85     7101     0.72     0.13     0.85
  11-Jun-85     7102     3.93     0.36     4.29
  12-Jun-85     7103     0.00     3.96     3.96
  13-Jun-85     7104     0.73     1.15     1.88
  14-Jun-85     7105     0.92     0.38     1.29
  15-Jun-85     7106     0.00     6.62     6.62
  16-Jun-85     7107     0.00     2.17     2.17
  17-Jun-85     7108     0.29     1.38     1.67
  18-Jun-85     7109     0.27     0.00     0.27
  19-Jun-85     7110     0.00     0.00     0.00
  20-Jun-85     7111     0.00     0.00     0.00
  21-Jun-85     7112     0.02     0.00     0.02
  22-Jun-85     7113     0.00     0.00     0.00
  23-Jun-85     7114     0.00     1.58     1.58
  24-Jun-85     7115     0.00     0.00     0.00
  25-Jun-85     7116     0.00     0.00     0.00
  26-Jun-85     7117     0.00     0.00     0.00
  27-Jun-85     7118     0.00     1.67     1.67
  28-Jun-85     7119     1.02     2.79     3.81
  29-Jun-85     7120     0.00     0.25     0.25
  30-Jun-85     7121     0.00     2.75     2.75
  01-Jul-85     7122     0.00     2.43     2.43
  02-Jul-85     7123     0.00    21.31    21.31
  03-Jul-85     7124     0.00     2.92     2.92
  04-Jul-85     7125     0.00     2.24     2.24
  05-Jul-85     7126     0.00     7.11     7.11
  06-Jul-85     7127     0.00     5.54     5.54
  07-Jul-85     7128     0.00     3.17     3.17
  08-Jul-85     7129     0.00     7.86     7.86
  09-Jul-85     7130     0.71     7.94     8.65
  10-Jul-85     7131     1.25     6.89     8.14
  11-Jul-85     7132     0.00     3.09     3.09
  12-Jul-85     7133     0.00     3.13     3.13
  13-Jul-85     7134     0.00     2.01     2.01
  14-Jul-85     7135     0.13     0.21     0.33
  15-Jul-85     7136     0.21     0.00     0.21
  16-Jul-85     7137     0.00     0.15     0.15
  17-Jul-85     7138     0.00     0.09     0.09
  18-Jul-85     7139     0.00     0.35     0.35
  19-Jul-85     7140     0.00     0.00     0.00
  20-Jul-85     7141     0.00     0.41     0.41
  21-Jul-85     7142     0.00     0.92     0.92
  22-Jul-85     7143     0.00     4.21     4.21
  23-Jul-85     7144     0.00     0.00     0.00
  24-Jul-85     7145     0.00     0.00     0.00
  25-Jul-85     7146     0.00     0.00     0.00
  26-Jul-85     7147     0.90     0.38     1.28
  27-Jul-85     7148     1.24     0.00     1.24
  28-Jul-85     7149     1.24     1.33     2.57
  29-Jul-85     7150     0.46     2.78     3.24
  30-Jul-85     7151     1.36     2.26     3.62
  31-Jul-85     7152     3.79     0.31     4.10
  01-Aug-85     7153     2.59     0.00     2.59
  02-Aug-85     7154     0.63     0.00     0.63
  03-Aug-85     7155     0.00     0.00     0.00
  04-Aug-85     7156     0.00     0.00     0.00
  05-Aug-85     7157     0.00     0.00     0.00
  06-Aug-85     7158     0.15     1.53     1.68
  07-Aug-85     7159     0.32     2.63     2.94
  08-Aug-85     7160     0.71     1.90     2.60
  09-Aug-85     7161     1.13     0.85     1.98
  10-Aug-85     7162     0.79     0.77     1.56
  11-Aug-85     7163     0.38     0.00     0.38
  12-Aug-85     7164     0.25     0.25     0.50
  13-Aug-85     7165     0.77     0.00     0.77
  14-Aug-85     7166     0.00     3.43     3.43
  15-Aug-85     7167     0.00     0.00     0.00
  16-Aug-85     7168     0.00     0.40     0.40
  17-Aug-85     7169     0.00     0.00     0.00
  18-Aug-85     7170     0.00     0.00     0.00
  19-Aug-85     7171     0.00     0.00     0.00
  20-Aug-85     7172     0.00     3.37     3.37
  21-Aug-85     7173     0.00     0.17     0.17
  22-Aug-85     7174     0.00     0.00     0.00
  23-Aug-85     7175     0.00     0.00     0.00
  24-Aug-85     7176     0.00     0.00     0.00
  25-Aug-85     7177     0.00     0.58     0.58
  26-Aug-85     7178     0.00     0.00     0.00
  27-Aug-85     7179     0.00     0.00     0.00
  28-Aug-85     7180     0.00     0.00     0.00
  29-Aug-85     7181     0.00     0.00     0.00
  30-Aug-85     7182     0.00     0.00     0.00
  31-Aug-85     7183     0.00     0.00     0.00
  01-Sep-85     7184     0.00     0.00     0.00
  02-Sep-85     7185     0.26     0.00     0.26
  03-Sep-85     7186     0.00     0.00     0.00
  04-Sep-85     7187     0.00     0.00     0.00
  05-Sep-85     7188     0.00     0.00     0.00
  06-Sep-85     7189     0.78     0.00     0.78
  07-Sep-85     7190     0.00     0.00     0.00
  08-Sep-85     7191     0.00     0.00     0.00
  09-Sep-85     7192     0.00     0.00     0.00
  10-Sep-85     7193     0.00     0.00     0.00
  11-Sep-85     7194     0.00     0.00     0.00
  12-Sep-85     7195     0.00     0.30     0.30
  13-Sep-85     7196     0.00     1.50     1.50
  14-Sep-85     7197     0.00     0.11     0.11
  15-Sep-85     7198     0.00     4.40     4.40
  16-Sep-85     7199     0.54     0.00     0.54
  17-Sep-85     7200     0.00     0.87     0.87
  18-Sep-85     7201     0.00     1.99     1.99
  19-Sep-85     7202     0.00     1.00     1.00
  20-Sep-85     7203     0.00     0.00     0.00
  21-Sep-85     7204     0.00     0.26     0.26
  22-Sep-85     7205     0.00     1.44     1.44
  23-Sep-85     7206     0.00     0.00     0.00
  24-Sep-85     7207     0.00     0.00     0.00
  25-Sep-85     7208     0.00     0.00     0.00
  26-Sep-85     7209     0.00     0.00     0.00
  27-Sep-85     7210     0.00     0.00     0.00
  28-Sep-85     7211     0.00     0.00     0.00
  29-Sep-85     7212     0.00     0.00     0.00
  30-Sep-85     7213     0.00     0.00     0.00
  01-Oct-85     7214     0.00     0.00     0.00
  02-Oct-85     7215     0.00     0.00     0.00
  03-Oct-85     7216     0.00     0.00     0.00
  04-Oct-85     7217     0.00     0.00     0.00
  05-Oct-85     7218     0.00     0.00     0.00
  06-Oct-85     7219     0.00     0.00     0.00
  07-Oct-85     7220     0.00     0.00     0.00
  08-Oct-85     7221     0.00     0.00     0.00
  09-Oct-85     7222     0.00     0.00     0.00
  10-Oct-85     7223     0.00     0.00     0.00
  11-Oct-85     7224     0.00     0.13     0.13
  12-Oct-85     7225     0.00     0.00     0.00
  13-Oct-85     7226     0.00     0.00     0.00
  14-Oct-85     7227     0.00     0.56     0.56
  15-Oct-85     7228     0.00     0.27     0.27
  16-Oct-85     7229     1.36     0.00     1.36
  17-Oct-85     7230     0.02     0.00     0.02
  18-Oct-85     7231     3.06     0.00     3.06
  19-Oct-85     7232     1.48     0.00     1.48
  20-Oct-85     7233     3.85     0.00     3.85
  21-Oct-85     7234    10.94     0.21    11.15
  22-Oct-85     7235     7.13     0.00     7.13
  23-Oct-85     7236     7.88     0.00     7.88
  24-Oct-85     7237    11.81     0.00    11.81
  25-Oct-85     7238     2.13     1.65     3.77
  26-Oct-85     7239     5.72     0.00     5.72
  27-Oct-85     7240     8.82     0.00     8.82
  28-Oct-85     7241     0.88     0.32     1.20
  29-Oct-85     7242     0.00     0.00     0.00
  30-Oct-85     7243     0.00     0.00     0.00
  31-Oct-85     7244     0.00     0.00     0.00
  01-Nov-85     7245     0.00     0.00     0.00
  02-Nov-85     7246     0.00     0.00     0.00
  03-Nov-85     7247     0.00     0.00     0.00
  04-Nov-85     7248     0.00     0.00     0.00
  05-Nov-85     7249     0.00     0.00     0.00
  06-Nov-85     7250     0.00     0.00     0.00
  07-Nov-85     7251     0.46     0.00     0.46
  08-Nov-85     7252     1.71     0.00     1.71
  09-Nov-85     7253     0.00     0.00     0.00
  10-Nov-85     7254     0.00     0.00     0.00
  11-Nov-85     7255     0.00     0.73     0.73
  12-Nov-85     7256     0.00     0.76     0.76
  13-Nov-85     7257     0.00     0.73     0.73
  14-Nov-85     7258     0.15     1.74     1.89
  15-Nov-85     7259     0.00     3.01     3.01
  16-Nov-85     7260     1.90     0.00     1.90
  17-Nov-85     7261     0.00     0.64     0.64
  18-Nov-85     7262     0.00     0.00     0.00
  19-Nov-85     7263     0.00     1.00     1.00
  20-Nov-85     7264     0.72     0.00     0.72
  21-Nov-85     7265     0.00     0.00     0.00
  22-Nov-85     7266     0.00     0.00     0.00
  23-Nov-85     7267     0.00     0.00     0.00
  24-Nov-85     7268     0.00     0.00     0.00
  25-Nov-85     7269     0.00     0.00     0.00
  26-Nov-85     7270     0.00     0.00     0.00
  27-Nov-85     7271     0.00     0.00     0.00
  28-Nov-85     7272     0.00     0.00     0.00
  29-Nov-85     7273     0.00     0.00     0.00
  30-Nov-85     7274     0.00     0.00     0.00
  01-Dec-85     7275     0.00     0.00     0.00
  02-Dec-85     7276     0.00     0.21     0.21
  03-Dec-85     7277     0.00     0.00     0.00
  04-Dec-85     7278     0.00     0.00     0.00
  05-Dec-85     7279     0.00     0.00     0.00
  06-Dec-85     7280     2.34     0.00     2.34
  07-Dec-85     7281     0.00     0.00     0.00
  08-Dec-85     7282     0.00     0.00     0.00
  09-Dec-85     7283     0.00     0.00     0.00
  10-Dec-85     7284     0.63     0.00     0.63
  11-Dec-85     7285     2.06     0.00     2.06
  12-Dec-85     7286     4.37     0.00     4.37
  13-Dec-85     7287     1.42     0.00     1.42
  14-Dec-85     7288     1.21     0.00     1.21
  15-Dec-85     7289     2.49     9.01    11.50
  16-Dec-85     7290     0.17     5.06     5.23
  17-Dec-85     7291     0.00     2.50     2.50
  18-Dec-85     7292     1.10     0.00     1.10
  19-Dec-85     7293     0.00     0.11     0.11
  20-Dec-85     7294     0.63     0.00     0.63
  21-Dec-85     7295     0.00     0.29     0.29
  22-Dec-85     7296     0.00     0.00     0.00
  23-Dec-85     7297     0.00     0.00     0.00
  24-Dec-85     7298     0.00     0.00     0.00
  25-Dec-85     7299     0.00     0.00     0.00
  26-Dec-85     7300     0.00     0.00     0.00
  27-Dec-85     7301     0.00     0.00     0.00
  28-Dec-85     7302     0.00     0.00     0.00
  29-Dec-85     7303     0.00     0.00     0.00
  30-Dec-85     7304     0.00     0.00     0.00
  31-Dec-85     7305     0.00     0.00     0.00