Monthly Flare Index Cycles 20,21,22,23

                  North    South    Total
 1966   1     1     1.92     0.15     2.08
 1966   2     2     2.86     0.00     2.86
 1966   3     3    11.24     0.00    11.24
 1966   4     4     4.96     0.00     4.96
 1966   5     5     3.63     0.81     4.43
 1966   6     6     2.10     0.33     2.42
 1966   7     7     6.19     0.21     6.40
 1966   8     8     5.74     0.27     6.02
 1966   9     9     6.17     0.26     6.43
 1966  10    10     3.77     0.42     4.18
 1966  11    11     2.21     0.00     2.21
 1966  12    12     5.15     0.68     5.83
 1967   1    13     4.02     3.00     7.02
 1967   2    14     9.53     0.34     9.87
 1967   3    15     6.59     1.67     8.26
 1967   4    16     4.37     4.52     8.89
 1967   5    17     7.32     2.05     9.38
 1967   6    18     4.02     1.97     6.00
 1967   7    19     7.64     2.47    10.11
 1967   8    20     6.47     2.46     8.94
 1967   9    21     2.86     0.52     3.38
 1967  10    22     4.14     2.67     6.81
 1967  11    23     4.82     1.47     6.28
 1967  12    24     3.84     4.01     7.86
 1968   1    25     4.14     1.44     5.59
 1968   2    26     3.65     2.32     5.97
 1968   3    27     0.60     1.95     2.55
 1968   4    28     1.02     0.52     1.53
 1968   5    29     1.74     0.84     2.58
 1968   6    30     1.84     2.91     4.75
 1968   7    31     3.12     0.42     3.54
 1968   8    32     2.10     1.61     3.71
 1968   9    33     2.92     2.22     5.14
 1968  10    34     3.89     4.94     8.83
 1968  11    35     1.88     2.32     4.20
 1968  12    36     3.36     1.64     5.00
 1969   1    37     3.51     0.98     4.49
 1969   2    38     4.06     1.17     5.23
 1969   3    39     4.89     0.81     5.70
 1969   4    40     4.99     0.73     5.72
 1969   5    41     4.87     2.32     7.18
 1969   6    42     3.53     3.14     6.66
 1969   7    43     0.76     2.24     3.00
 1969   8    44     2.23     1.93     4.16
 1969   9    45     2.95     2.45     5.40
 1969  10    46     3.15     0.73     3.88
 1969  11    47     7.22     0.63     7.85
 1969  12    48     2.80     1.64     4.44
 1970   1    49     1.48     3.89     5.36
 1970   2    50     3.72     3.97     7.70
 1970   3    51     6.70     2.90     9.60
 1970   4    52     2.73     2.48     5.21
 1970   5    53     2.90     3.50     6.40
 1970   6    54     6.35     1.55     7.90
 1970   7    55     4.86     1.98     6.84
 1970   8    56     2.93     0.21     3.14
 1970   9    57     2.47     0.60     3.07
 1970  10    58     3.30     1.29     4.58
 1970  11    59     5.69     2.96     8.64
 1970  12    60     2.86     0.73     3.59
 1971   1    61     2.36     0.87     3.23
 1971   2    62     1.60     1.24     2.84
 1971   3    63     0.45     0.80     1.25
 1971   4    64     1.29     1.61     2.90
 1971   5    65     1.88     0.10     1.98
 1971   6    66     0.57     0.66     1.23
 1971   7    67     1.18     1.08     2.26
 1971   8    68     0.16     2.85     3.01
 1971   9    69     0.46     1.44     1.90
 1971  10    70     1.01     0.09     1.11
 1971  11    71     0.48     0.91     1.39
 1971  12    72     0.67     1.21     1.88
 1972   1    73     0.43     1.76     2.19
 1972   2    74     1.41     1.94     3.35
 1972   3    75     0.45     1.27     1.72
 1972   4    76     0.14     0.76     0.90
 1972   5    77     1.70     1.25     2.95
 1972   6    78     0.99     1.82     2.80
 1972   7    79     0.69     1.25     1.94
 1972   8    80     5.18     1.47     6.64
 1972   9    81     0.66     1.59     2.26
 1972  10    82     0.62     2.50     3.13
 1972  11    83     0.01     0.91     0.93
 1972  12    84     0.80     0.49     1.28
 1973   1    85     1.20     0.26     1.45
 1973   2    86     0.83     0.72     1.55
 1973   3    87     1.24     1.37     2.61
 1973   4    88     1.80     2.49     4.29
 1973   5    89     1.05     1.70     2.75
 1973   6    90     0.87     0.58     1.45
 1973   7    91     1.20     0.26     1.46
 1973   8    92     0.67     0.17     0.84
 1973   9    93     0.45     1.41     1.86
 1973  10    94     0.45     0.90     1.35
 1973  11    95     0.12     0.59     0.72
 1973  12    96     0.06     0.69     0.75
 1974   1    97     0.49     0.19     0.68
 1974   2    98     0.00     0.76     0.76
 1974   3    99     0.08     0.09     0.17
 1974   4   100     0.01     2.90     2.91
 1974   5   101     0.19     1.68     1.86
 1974   6   102     0.21     1.70     1.91
 1974   7   103     0.00     4.03     4.03
 1974   8   104     0.10     0.46     0.56
 1974   9   105     1.90     0.97     2.88
 1974  10   106     2.30     0.04     2.34
 1974  11   107     0.64     0.30     0.93
 1974  12   108     0.56     0.08     0.65
 1975   1   109     0.34     0.00     0.34
 1975   2   110     0.10     0.01     0.11
 1975   3   111     0.00     0.18     0.18
 1975   4   112     0.03     0.00     0.03
 1975   5   113     0.00     0.14     0.14
 1975   6   114     0.13     0.68     0.81
 1975   7   115     0.29     0.02     0.31
 1975   8   116     2.05     0.03     2.08
 1975   9   117     0.15     0.00     0.15
 1975  10   118     0.05     0.01     0.06
 1975  11   119     0.23     0.62     0.85
 1975  12   120     0.18     0.02     0.20
 1976   1   121     0.07     0.92     0.99
 1976   2   122     0.04     0.12     0.17
 1976   3   123     1.02      1.8     2.82
 1976   4   124     0.39     0.77     1.17
 1976   5   125     0.19     0.55     0.74
 1976   6   126     0.53     0.22     0.75
 1976   7   127     0.11        0     0.11
 1976   8   128     0.34     0.29     0.64
 1976   9   129     0.64     0.44     1.08
 1976  10   130     0.18     0.16     0.34
 1976  11   131     0.23        0     0.23
 1976  12   132     0.33     0.49     0.82
 1977   1   133     0.47     0.51     0.98
 1977   2   134     0.77      0.6     1.38
 1977   3   135      0.2     0.09     0.28
 1977   4   136     0.08      1.7     1.78
 1977   5   137     0.87      0.2     1.07
 1977   6   138     1.81     2.06     3.87
 1977   7   139     1.49     0.65     2.14
 1977   8   140     1.51     0.48     1.99
 1977   9   141     5.51     1.25     6.77
 1977  10   142     3.48     1.09     4.57
 1977  11   143     1.78     0.89     2.67
 1977  12   144     1.44     4.55     5.99
 1978   1   145     2.06     3.81     5.88
 1978   2   146    13.75     1.25       15
 1978   3   147     5.09     2.48     7.58
 1978   4   148    11.11     1.22    12.34
 1978   5   149      9.6     1.77    11.37
 1978   6   150     7.16     2.24      9.4
 1978   7   151    10.83     2.85    13.69
 1978   8   152     2.44     2.98     5.42
 1978   9   153     8.01     4.31    12.32
 1978  10   154     3.05     5.95        9
 1978  11   155     4.16     3.06     7.22
 1978  12   156     3.02    11.65    14.68
 1979   1   157      7.5     7.88    15.38
 1979   2   158    13.47     5.17    18.64
 1979   3   159     7.62     7.38       15
 1979   4   160     8.44     5.17    13.61
 1979   5   161     9.68     4.75    14.43
 1979   6   162     11.2     4.76    15.96
 1979   7   163      9.8     4.66    14.46
 1979   8   164    11.73     6.13    17.86
 1979   9   165    13.76      4.3    18.06
 1979  10   166    13.99     5.16    19.15
 1979  11   167     7.45    10.17    17.61
 1979  12   168     4.16     10.6    14.77
 1980   1   169     7.98     9.08    17.06
 1980   2   170     6.06     8.59    14.66
 1980   3   171     4.47     5.42     9.89
 1980   4   172    10.72     8.89    19.61
 1980   5   173     3.59    10.01     13.6
 1980   6   174     4.65    13.52    18.17
 1980   7   175     3.96     9.79    13.74
 1980   8   176     8.94     6.71    15.65
 1980   9   177     8.68     7.58    16.26
 1980  10   178     9.35     8.81    18.16
 1980  11   179    17.01    13.72    30.73
 1980  12   180     8.21     7.86    16.07
 1981   1   181     3.35     6.24     9.59
 1981   2   182     9.37     7.29    16.66
 1981   3   183    10.47      8.1    18.57
 1981   4   184    24.96      3.3    28.27
 1981   5   185    13.14     2.05    15.19
 1981   6   186     7.31     5.47    12.78
 1981   7   187      5.6    13.58    19.18
 1981   8   188     5.15     15.3    20.45
 1981   9   189     8.53     5.72    14.25
 1981  10   190      4.1    15.62    19.72
 1981  11   191     6.39     8.59    14.98
 1981  12   192     7.11     5.24    12.34
 1982   1   193     8.19     8.34    16.53
 1982   2   194     6.38    14.74    21.12
 1982   3   195     9.96     7.94     17.9
 1982   4   196     5.87     4.64    10.52
 1982   5   197     4.64     6.54    11.17
 1982   6   198    14.86     9.49    24.35
 1982   7   199    17.59      3.2    20.79
 1982   8   200     9.99      6.1    16.09
 1982   9   201    11.65     6.02    17.67
 1982  10   202     6.05     4.98    11.03
 1982  11   203     2.35    12.32    14.67
 1982  12   204    12.32    12.97     25.3
 1983   1   205     1.72     4.41     6.13
 1983   2   206     0.29     4.91      5.2
 1983   3   207     0.58     5.53     6.11
 1983   4   208     0.72     6.35     7.07
 1983   5   209     2.67     9.84    12.51
 1983   6   210     2.46     8.85    11.32
 1983   7   211     1.67     6.61     8.29
 1983   8   212     1.28     8.07     9.35
 1983   9   213     0.93     4.38     5.32
 1983  10   214     4.67     1.95     6.62
 1983  11   215     0.21     1.54     1.75
 1983  12   216     0.64     2.26     2.89
 1984   1   217     3.59     2.89     6.48
 1984   2   218     5.44     6.04    11.49
 1984   3   219     2.46     4.73      7.2
 1984   4   220     3.14     9.67    12.81
 1984   5   221     3.78     7.04    10.82
 1984   6   222     0.86     2.77     3.63
 1984   7   223     0.61     1.85     2.46
 1984   8   224     1.23     1.51     2.74
 1984   9   225     0.45     0.67     1.12
 1984  10   226     0.22     0.21     0.43
 1984  11   227     1.14     1.62     2.76
 1984  12   228      0.5     1.52     2.01
 1985   1   229     0.53     2.99     3.53
 1985   2   230     0.29     0.18     0.47
 1985   3   231     0.32     0.27     0.59
 1985   4   232     2.83     0.82     3.65
 1985   5   233     1.61     1.37     2.99
 1985   6   234     0.43     1.55     1.98
 1985   7   235     0.36     2.87     3.24
 1985   8   236     0.25     0.51     0.76
 1985   9   237     0.05      0.4     0.45
 1985  10   238      2.1      0.1      2.2
 1985  11   239     0.16     0.29     0.45
 1985  12   240     0.53     0.55     1.08
 1986   1   241     0.06     0.75     0.81
 1986   2   242     0.88     4.03     4.91
 1986   3   243     0.75     0.23     0.98
 1986   4   244     0.91      0.5     1.41
 1986   5   245     0.92      0.1     1.02
 1986   6   246     0.05        0     0.05
 1986   7   247     0.86     0.04      0.9
 1986   8   248     0.12        0     0.12
 1986   9   249     0.15        0     0.15
 1986  10   250     1.92     0.52     2.44
 1986  11   251     0.69     0.17     0.86
 1986  12   252     0.01     0.24     0.25
 1987   1   253     0.12     0.37     0.49
 1987   2   254     0.16     0.01     0.17
 1987   3   255     0.68     0.41     1.08
 1987   4   256     0.57     3.36     3.93
 1987   5   257     2.74     1.11     3.85
 1987   6   258     0.68     0.43     1.11
 1987   7   259     0.28     2.18     2.46
 1987   8   260     1.64     2.06     3.69
 1987   9   261     0.16     3.11     3.28
 1987  10   262     1.75     1.88     3.63
 1987  11   263     1.41     4.84     6.24
 1987  12   264     0.15     1.77     1.92
 1988   1   265     1.71     3.39      5.1
 1988   2   266     1.03     0.81     1.84
 1988   3   267     2.82     4.78     7.59
 1988   4   268     4.16     2.16     6.32
 1988   5   269     0.47     3.99     4.46
 1988   6   270     3.09     7.49    10.58
 1988   7   271     4.19     5.13     9.32
 1988   8   272     5.64     1.54     7.18
 1988   9   273     3.69     6.04     9.73
 1988  10   274     3.92     3.83     7.75
 1988  11   275    10.02     3.51    13.54
 1988  12   276      7.4     6.93    14.33
 1989   1   277     9.49    12.13    21.62
 1989   2   278    10.07     5.67    15.74
 1989   3   279    19.71     5.82    25.53
 1989   4   280     4.31     4.29      8.6
 1989   5   281     6.83     8.16    14.99
 1989   6   282    11.09    13.17    24.26
 1989   7   283     4.85     4.34     9.19
 1989   8   284     4.75    12.79    17.55
 1989   9   285     8.21     10.5    18.71
 1989  10   286     4.79    12.73    17.52
 1989  11   287     18.5     3.95    22.45
 1989  12   288     6.49     5.98    12.48
 1990   1   289     3.99     8.45    12.44
 1990   2   290     5.68     3.64     9.32
 1990   3   291        5     9.02    14.02
 1990   4   292     6.07      4.2    10.27
 1990   5   293     6.83     5.65    12.48
 1990   6   294     5.78     4.63     10.4
 1990   7   295     6.09     4.11     10.2
 1990   8   296     7.32     7.06    14.37
 1990   9   297     5.09     5.18    10.27
 1990  10   298     5.94     5.66    11.61
 1990  11   299     9.01      5.4    14.42
 1990  12   300    10.35     5.84    16.19
 1991   1   301     3.98    14.83    18.81
 1991   2   302     4.31     9.57    13.88
 1991   3   303      1.6    20.73    22.33
 1991   4   304     7.75     6.84     14.6
 1991   5   305     7.55     6.42    13.97
 1991   6   306    11.22     6.79    18.01
 1991   7   307    13.25     6.78    20.03
 1991   8   308     4.94     8.28    13.22
 1991   9   309     2.21     7.75     9.96
 1991  10   310      3.2     9.79    12.99
 1991  11   311     2.17     6.62     8.79
 1991  12   312     4.61    10.27    14.88
 1992   1   313     1.55     7.98     9.53
 1992   2   314     6.09    10.01     16.1
 1992   3   315     1.43     4.08     5.51
 1992   4   316     2.08     6.88     8.96
 1992   5   317     1.23      3.8     5.03
 1992   6   318      5.1     1.69     6.79
 1992   7   319     2.44     5.23     7.67
 1992   8   320     4.29      3.4     7.69
 1992   9   321     2.66     4.33     6.99
 1992  10   322     2.15     6.41     8.57
 1992  11   323     1.89     4.01      5.9
 1992  12   324     1.65     2.47     4.13
 1993   1   325     0.34     2.34     2.68
 1993   2   326      4.2     6.69    10.88
 1993   3   327     2.89     3.91      6.8
 1993   4   328     2.04     3.04     5.08
 1993   5   329     4.87     0.36     5.23
 1993   6   330     1.57     4.19     5.76
 1993   7   331     0.78     2.84     3.62
 1993   8   332     0.81     0.43     1.24
 1993   9   333     0.46     0.83     1.29
 1993  10   334     1.51     1.58     3.08
 1993  11   335     1.35     0.28     1.63
 1993  12   336     3.05     0.98     4.03
 1994   1   337     2.02     0.95     2.97
 1994   2   338        2     0.27     2.27
 1994   3   339     0.57     2.95     3.52
 1994   4   340      0.8     0.09     0.89
 1994   5   341     0.31     0.08     0.38
 1994   6   342     0.07     0.72      0.8
 1994   7   343     0.48     0.42      0.9
 1994   8   344     0.31     1.47     1.77
 1994   9   345     0.11     0.99     1.11
 1994  10   346     1.15     1.06     2.21
 1994  11   347     0.25     0.44     0.69
 1994  12   348     0.45     0.94      1.4
 1995   1   349     0.34     0.94     1.28
 1995   2   350     0.11     1.96     2.06
 1995   3   351     0.02      0.9     0.92
 1995   4   352     0.05     0.63     0.68
 1995   5   353     0.37     0.45     0.82
 1995   6   354     0.72     0.07     0.79
 1995   7   355     0.63     0.05     0.68
 1995   8   356     0.31     0.11     0.43
 1995   9   357     0.85     0.01     0.86
 1995  10   358     0.12     1.54     1.65
 1995  11   359     0.07     0.12     0.19
 1995  12   360     0.04     0.05     0.09
 1996   1   361     0.18     0.01     0.18
 1996   2   362     0.04     0.00     0.04
 1996   3   363     0.08     0.14     0.22
 1996   4   364     0.06     0.68     0.73
 1996   5   365     0.00     0.25     0.25
 1996   6   366     0.23     0.04     0.26
 1996   7   367     0.00     1.04     1.04
 1996   8   368     0.18     0.29     0.47
 1996   9   369     0.00     0.03     0.03
 1996  10   370     0.00     0.00     0.00
 1996  11   371     0.03     1.05     1.07
 1996  12   372     0.02     0.68     0.70
 1997   1   373     0.01     0.05     0.06
 1997   2   374     0.13     0.18     0.30
 1997   3   375     0.02     0.12     0.14
 1997   4   376     0.02     0.70     0.72
 1997   5   377     0.98     0.31     1.29
 1997   6   378     0.08     0.15     0.23
 1997   7   379     0.22     0.06     0.28
 1997   8   380     0.69     0.07     0.76
 1997   9   381     0.96     1.37     1.53
 1997  10   382     0.30     0.09     0.39
 1997  11   383     2.23     2.33     4.56
 1997  12   384     0.82     0.19     1.01
 1998   1   385     0.22     0.74     0.96
 1998   2   386     0.11     1.14     1.25
 1998   3   387     0.33     3.60     3.93
 1998   4   388     0.36     4.87     5.22
 1998   5   389     1.99     3.23     5.22
 1998   6   390     1.47     0.94     2.40
 1998   7   391     1.47     1.58     3.05
 1998   8   392     4.63     0.97     5.60
 1998   9   393     3.81     1.31     5.12
 1998  10   394     0.91     1.10     2.01
 1998  11   395     6.01     1.34     7.35
 1998  12   396     3.79     1.98     5.76
 1999   1   397     3.93     2.01     5.93
 1999   2   398     3.00     1.03     4.03
 1999   3   399     3.69     0.69     4.38
 1999   4   400     1.23     0.47     1.70
 1999   5   401     4.78     0.91     5.69
 1999   6   402     5.39     3.14     8.53
 1999   7   403     5.17     3.78     8.95
 1999   8   404     2.60     5.88     8.48
 1999   9   405     2.92     0.57     3.49
 1999  10   406     2.12     1.65     3.77
 1999  11   407     8.31     9.68    17.99
 1999  12   408     2.71     1.04     3.75
 2000   1   409     0.70     1.44     2.14
 2000   2   410     2.54     2.66     5.21
 2000   3   411     4.15     5.10     9.25
 2000   4   412     2.97     3.84     6.81
 2000   5   413     3.40     3.43     6.83
 2000   6   414    12.80     1.70    14.50
 2000   7   415    16.25     6.69    22.94
 2000   8   416     2.78     1.52     4.30
 2000   9   417     3.48     3.48     6.97
 2000  10   418     1.48     1.48     3.47
 2000  11   419     4.03     1.74     5.77
 2000  12   420     1.15     1.92     3.07
 2001   1   421     0.98     1.78     2.76
 2001   2   422     0.80     0.45     1.25
 2001   3   423     5.59     2.05     7.65
 2001   4   424     6.08     4.12     10.2
 2001   5   425     1.83     1.06     2.89
 2001   6   426     2.56     2.29     4.86
 2001   7   427     0.33     1.51     1.84
 2001   8   428     2.37     4.01     6.38
 2001   9   429     3.91     7.85    11.77
 2001  10   430     5.14     4.36      9.5
 2001  11   431     4.22     6.73    10.95
 2001  12   432     5.28     6.11    11.39
 2002   1   433     2.58     1.57     4.15
 2002   2   434     1.30     2.65     3.95
 2002   3   435     1.16     1.89     3.06
 2002   4   436     2.49     2.23     4.72
 2002   5   437     0.92     2.47     3.39
 2002   6   438     0.65     0.52     1.17
 2002   7   439     3.11     4.44     7.54
 2002   8   440     1.31     6.87     8.18
 2002   9   441     1.43     2.79     4.21
 2002  10   442     3.46     2.46     5.92
 2002  11   443     1.03     4.07     5.10
 2002  12   444     1.40     1.69     3.10
 2003   1   445     0.50     2.19     2.69
 2003   2   446     1.10     0.45     1.55
 2003   3   447     0.41     2.93     3.33
 2003   4   448     0.99     1.63     2.62
 2003   5   449     0.40     3.95     4.35
 2003   6   450     3.59     0.95     4.54
 2003   7   451     1.56     0.98     2.55
 2003   8   452     0.32     1.28     1.59
 2003   9   453     0.47     0.30     0.77
 2003  10   454     4.12     7.99    12.11
 2003  11   455     2.44     2.09     4.53
 2003  12   456     0.63     0.05     0.68
 2004   1   457     0.36     0.76     1.12
 2004   2   458     0.66     0.23     0.89
 2004   3   459     0.72     0.57     1.30
 2004   4   460     0.83     1.31     2.14
 2004   5   461     0.07     0.35     0.42
 2004   6   462     0.06     0.38     0.44
 2004   7   463     3.74     1.21     4.95
 2004   8   464     0.07     1.74     1.81
 2004   9   465     0.52     0.48     1.00
 2004  10   466     0.85     0.10     0.94
 2004  11   467     3.13     0.17     3.30
 2004  12   468     0.58     0.25     0.83
 2005   1   469     5.02     0.43     5.45
 2005   2   470     0.00     0.24     0.24
 2005   3   471     0.14     0.16     0.30
 2005   4   472     0.02     0.06     0.08
 2005   5   473     2.17     1.79     3.96
 2005   6   474     0.26     0.67     0.94
 2005   7   475     1.89     0.22     2.11
 2005   8   476     0.65     0.60     1.25
 2005   9   477     0.03     7.33     7.36
 2005  10   478     0.00     0.02     0.02
 2005  11   479     0.00     0.26     0.26
 2005  12   480     0.07     0.78     0.85
 2006   1   481     0.01     0.02     0.03
 2006   2   482     0.00     0.00     0.00
 2006   3   483     0.00     0.11     0.11
 2006   4   484     0.00     0.52     0.53
 2006   5   485     0.00     0.03     0.03
 2006   6   486     0.01     0.00     0.01
 2006   7   487     0.00     0.28     0.28
 2006   8   488     0.02     0.12     0.14
 2006   9   489     0.00     0.19     0.19
 2006  10   490     0.00     0.05     0.05
 2006  11   491     0.03     0.10     0.13
 2006  12   492     0.02     4.87     4.89
 2007   1   493     0.35     0.14     0.49
 2007   2   494     0.00     0.01     0.01
 2007   3   495     0.01     0.00     0.01
 2007   4   496     0.00     0.02     0.02
 2007   5   497     0.11     0.13     0.24
 2007   6   498     0.00     1.53     1.53
 2007   7   499     0.05     1.11     1.16
 2007   8   500     0.00     0.21     0.21
 2007   9   501     0.00     0.00     0.00
 2007  10   502     0.00     0.00     0.00
 2007  11   503     0.00     0.00     0.01
 2007  12   504     0.08     1.79     1.88
 2008   1   505     0.00     0.05     0.05
 2008   2   506     0.00     0.00     0.00
 2008   3   507     0.00     0.20     0.20
 2008   4   508     0.03     0.03     0.06
 2008   5   509     0.00     0.00     0.00
 2008   6   510     0.00     0.00     0.00
 2008   7   511     0.00     0.00     0.00
 2008   8   512     0.00     0.00     0.00
 2008   9   513     0.00     0.00     0.00
 2008  10   514     0.00     0.00     0.00
 2008  11   515     0.03     0.00     0.03
 2008  12   516     0.00     0.00     0.00

