
            DAILY SOLAR FLARE INDEX
           01 JAN 1977 - 31 DEC 1977
________________________________________________

  TIME (DAY)            NORTH    SOUTH    TOTAL
================================================
  01-Jan-77     4019     0.00     2.65     2.65
  02-Jan-77     4020     0.29     0.70     0.99
  03-Jan-77     4021     3.45     0.03     3.48
  04-Jan-77     4022     1.20     0.84     2.05
  05-Jan-77     4023     0.62     0.00     0.62
  06-Jan-77     4024     0.00     0.00     0.00
  07-Jan-77     4025     0.00     0.00     0.00
  08-Jan-77     4026     0.00     0.00     0.00
  09-Jan-77     4027     0.00     0.00     0.00
  10-Jan-77     4028     0.00     0.00     0.00
  11-Jan-77     4029     0.00     0.50     0.50
  12-Jan-77     4030     0.00     3.33     3.33
  13-Jan-77     4031     0.00     5.78     5.78
  14-Jan-77     4032     0.00     0.00     0.00
  15-Jan-77     4033     0.00     0.00     0.00
  16-Jan-77     4034     0.00     0.24     0.24
  17-Jan-77     4035     0.00     0.94     0.94
  18-Jan-77     4036     0.00     0.00     0.00
  19-Jan-77     4037     0.00     0.45     0.45
  20-Jan-77     4038     0.00     0.00     0.00
  21-Jan-77     4039     0.00     0.00     0.00
  22-Jan-77     4040     1.22     0.00     1.22
  23-Jan-77     4041     0.95     0.00     0.95
  24-Jan-77     4042     0.88     0.00     0.88
  25-Jan-77     4043     1.27     0.00     1.27
  26-Jan-77     4044     0.00     0.00     0.00
  27-Jan-77     4045     0.00     0.00     0.00
  28-Jan-77     4046     0.59     0.47     1.06
  29-Jan-77     4047     0.00     0.00     0.00
  30-Jan-77     4048     4.02     0.00     4.02
  31-Jan-77     4049     0.00     0.00     0.00
  01-Feb-77     4050     5.60     0.00     5.60
  02-Feb-77     4051     4.40     0.00     4.40
  03-Feb-77     4052     2.03     0.49     2.52
  04-Feb-77     4053     0.84     0.00     0.84
  05-Feb-77     4054     0.00     0.00     0.00
  06-Feb-77     4055     0.61     0.00     0.61
  07-Feb-77     4056     0.00     0.34     0.34
  08-Feb-77     4057     0.63     2.25     2.88
  09-Feb-77     4058     0.45     0.41     0.85
  10-Feb-77     4059     0.21     0.26     0.47
  11-Feb-77     4060     0.00     2.73     2.73
  12-Feb-77     4061     0.40     0.45     0.85
  13-Feb-77     4062     0.44     1.29     1.72
  14-Feb-77     4063     0.00     0.91     0.91
  15-Feb-77     4064     3.16     0.17     3.33
  16-Feb-77     4065     0.00     0.60     0.60
  17-Feb-77     4066     1.15     3.22     4.37
  18-Feb-77     4067     1.67     0.06     1.73
  19-Feb-77     4068     0.00     0.00     0.00
  20-Feb-77     4069     0.00     3.74     3.74
  21-Feb-77     4070     0.00     0.00     0.00
  22-Feb-77     4071     0.00     0.00     0.00
  23-Feb-77     4072     0.00     0.00     0.00
  24-Feb-77     4073     0.00     0.00     0.00
  25-Feb-77     4074     0.00     0.00     0.00
  26-Feb-77     4075     0.00     0.00     0.00
  27-Feb-77     4076     0.00     0.00     0.00
  28-Feb-77     4077     0.00     0.00     0.00
  01-Mar-77     4078     0.00     0.00     0.00
  02-Mar-77     4079     0.00     0.00     0.00
  03-Mar-77     4080     0.00     0.00     0.00
  04-Mar-77     4081     0.00     0.00     0.00
  05-Mar-77     4082     0.00     0.00     0.00
  06-Mar-77     4083     0.00     0.00     0.00
  07-Mar-77     4084     0.00     0.00     0.00
  08-Mar-77     4085     2.52     0.00     2.52
  09-Mar-77     4086     2.09     0.00     2.09
  10-Mar-77     4087     0.00     0.00     0.00
  11-Mar-77     4088     1.12     0.00     1.12
  12-Mar-77     4089     0.00     0.00     0.00
  13-Mar-77     4090     0.00     0.00     0.00
  14-Mar-77     4091     0.00     1.05     1.05
  15-Mar-77     4092     0.00     0.00     0.00
  16-Mar-77     4093     0.00     0.00     0.00
  17-Mar-77     4094     0.00     0.00     0.00
  18-Mar-77     4095     0.00     0.00     0.00
  19-Mar-77     4096     0.00     0.00     0.00
  20-Mar-77     4097     0.00     0.00     0.00
  21-Mar-77     4098     0.00     1.61     1.61
  22-Mar-77     4099     0.00     0.00     0.00
  23-Mar-77     4100     0.00     0.00     0.00
  24-Mar-77     4101     0.15     0.00     0.15
  25-Mar-77     4102     0.00     0.00     0.00
  26-Mar-77     4103     0.21     0.00     0.21
  27-Mar-77     4104     0.00     0.00     0.00
  28-Mar-77     4105     0.00     0.00     0.00
  29-Mar-77     4106     0.00     0.00     0.00
  30-Mar-77     4107     0.00     0.00     0.00
  31-Mar-77     4108     0.00     0.00     0.00
  01-Apr-77     4109     0.00     0.00     0.00
  02-Apr-77     4110     0.00     0.00     0.00
  03-Apr-77     4111     0.34     0.00     0.34
  04-Apr-77     4112     0.00     0.00     0.00
  05-Apr-77     4113     0.32     0.00     0.32
  06-Apr-77     4114     0.30     0.00     0.30
  07-Apr-77     4115     0.75     0.00     0.75
  08-Apr-77     4116     0.00     0.00     0.00
  09-Apr-77     4117     0.00     0.00     0.00
  10-Apr-77     4118     0.00     0.00     0.00
  11-Apr-77     4119     0.00     1.15     1.15
  12-Apr-77     4120     0.00     4.53     4.53
  13-Apr-77     4121     0.00     9.24     9.24
  14-Apr-77     4122     0.00     3.01     3.01
  15-Apr-77     4123     0.00     5.42     5.42
  16-Apr-77     4124     0.00    11.17    11.17
  17-Apr-77     4125     0.00     2.67     2.67
  18-Apr-77     4126     0.00     0.30     0.30
  19-Apr-77     4127     0.00     3.57     3.57
  20-Apr-77     4128     0.00     2.65     2.65
  21-Apr-77     4129     0.00     2.48     2.48
  22-Apr-77     4130     0.00     3.45     3.45
  23-Apr-77     4131     0.00     0.41     0.41
  24-Apr-77     4132     0.00     0.00     0.00
  25-Apr-77     4133     0.00     0.00     0.00
  26-Apr-77     4134     0.00     0.70     0.70
  27-Apr-77     4135     0.00     0.00     0.00
  28-Apr-77     4136     0.00     0.00     0.00
  29-Apr-77     4137     0.00     0.00     0.00
  30-Apr-77     4138     0.63     0.23     0.85
  01-May-77     4139     0.00     0.29     0.29
  02-May-77     4140     0.00     0.00     0.00
  03-May-77     4141     7.11     0.00     7.11
  04-May-77     4142     1.67     0.00     1.67
  05-May-77     4143     0.48     0.00     0.48
  06-May-77     4144     1.83     0.00     1.83
  07-May-77     4145     2.19     0.00     2.19
  08-May-77     4146     0.00     0.33     0.33
  09-May-77     4147     0.93     1.27     2.20
  10-May-77     4148     0.00     0.00     0.00
  11-May-77     4149     0.00     0.08     0.08
  12-May-77     4150     0.00     1.08     1.08
  13-May-77     4151     0.00     0.00     0.00
  14-May-77     4152     0.00     0.00     0.00
  15-May-77     4153     0.00     0.00     0.00
  16-May-77     4154     0.00     0.50     0.50
  17-May-77     4155     0.00     0.00     0.00
  18-May-77     4156     0.00     0.52     0.52
  19-May-77     4157     0.00     1.72     1.72
  20-May-77     4158     0.00     0.30     0.30
  21-May-77     4159     0.95     0.00     0.95
  22-May-77     4160     3.53     0.00     3.53
  23-May-77     4161     0.00     0.00     0.00
  24-May-77     4162     0.00     0.00     0.00
  25-May-77     4163     0.00     0.00     0.00
  26-May-77     4164     0.00     0.00     0.00
  27-May-77     4165     0.00     0.00     0.00
  28-May-77     4166     0.00     0.20     0.20
  29-May-77     4167     2.67     0.00     2.67
  30-May-77     4168     4.17     0.00     4.17
  31-May-77     4169     1.37     0.00     1.37
  01-Jun-77     4170     0.00     0.00     0.00
  02-Jun-77     4171     0.00     6.00     6.00
  03-Jun-77     4172     1.54     2.56     4.10
  04-Jun-77     4173     0.88     1.50     2.38
  05-Jun-77     4174     0.00     0.00     0.00
  06-Jun-77     4175     0.60     2.00     2.60
  07-Jun-77     4176     0.81     0.83     1.65
  08-Jun-77     4177     0.00     1.10     1.10
  09-Jun-77     4178     0.00     1.81     1.81
  10-Jun-77     4179     0.00     2.31     2.31
  11-Jun-77     4180     0.00     0.41     0.41
  12-Jun-77     4181     0.00     2.13     2.13
  13-Jun-77     4182     0.00     3.06     3.06
  14-Jun-77     4183     0.00     0.27     0.27
  15-Jun-77     4184     0.00     2.25     2.25
  16-Jun-77     4185     0.00     0.00     0.00
  17-Jun-77     4186     0.69     2.25     2.94
  18-Jun-77     4187     0.00     2.97     2.97
  19-Jun-77     4188     0.23     0.23     0.46
  20-Jun-77     4189     0.29     0.00     0.29
  21-Jun-77     4190     0.00     0.05     0.05
  22-Jun-77     4191     0.69     0.00     0.69
  23-Jun-77     4192     6.75     1.66     8.41
  24-Jun-77     4193     6.30    10.90    17.21
  25-Jun-77     4194     4.02     1.85     5.88
  26-Jun-77     4195     9.21     7.19    16.39
  27-Jun-77     4196    15.47     3.41    18.88
  28-Jun-77     4197     4.10     3.44     7.54
  29-Jun-77     4198     2.21     0.21     2.42
  30-Jun-77     4199     0.38     1.55     1.92
  01-Jul-77     4200     1.90     1.23     3.13
  02-Jul-77     4201     2.13     0.00     2.13
  03-Jul-77     4202     2.96     0.00     2.96
  04-Jul-77     4203     0.48     1.09     1.57
  05-Jul-77     4204     2.41     0.00     2.41
  06-Jul-77     4205     4.81     0.00     4.81
  07-Jul-77     4206     4.14     0.00     4.14
  08-Jul-77     4207     2.17     0.00     2.17
  09-Jul-77     4208     0.00     0.00     0.00
  10-Jul-77     4209     5.40     0.00     5.40
  11-Jul-77     4210     0.00     0.00     0.00
  12-Jul-77     4211     0.76     0.34     1.10
  13-Jul-77     4212     0.00     1.58     1.58
  14-Jul-77     4213     0.23     3.20     3.43
  15-Jul-77     4214     0.00     0.00     0.00
  16-Jul-77     4215     0.00     0.09     0.09
  17-Jul-77     4216     0.00     0.00     0.00
  18-Jul-77     4217     0.00     0.00     0.00
  19-Jul-77     4218     1.71     0.00     1.71
  20-Jul-77     4219     0.00     0.00     0.00
  21-Jul-77     4220     0.20     1.06     1.26
  22-Jul-77     4221     0.00     1.83     1.83
  23-Jul-77     4222     0.00     2.15     2.15
  24-Jul-77     4223     0.00     2.84     2.84
  25-Jul-77     4224     1.00     2.38     3.38
  26-Jul-77     4225     1.92     1.94     3.85
  27-Jul-77     4226     4.11     0.13     4.23
  28-Jul-77     4227     1.94     0.00     1.94
  29-Jul-77     4228     3.79     0.21     4.00
  30-Jul-77     4229     3.04     0.00     3.04
  31-Jul-77     4230     1.26     0.00     1.26
  01-Aug-77     4231     0.53     2.39     2.92
  02-Aug-77     4232     0.52     0.00     0.52
  03-Aug-77     4233     1.66     0.00     1.66
  04-Aug-77     4234     2.92     0.00     2.92
  05-Aug-77     4235     6.56     0.00     6.56
  06-Aug-77     4236     2.96     0.00     2.96
  07-Aug-77     4237     0.74     0.00     0.74
  08-Aug-77     4238     0.33     0.21     0.53
  09-Aug-77     4239     3.07     0.59     3.65
  10-Aug-77     4240     0.29     0.00     0.29
  11-Aug-77     4241     0.74     0.00     0.74
  12-Aug-77     4242     0.81     0.00     0.81
  13-Aug-77     4243     0.44     0.00     0.44
  14-Aug-77     4244     0.96     0.00     0.96
  15-Aug-77     4245     0.73     0.00     0.73
  16-Aug-77     4246     0.37     0.00     0.37
  17-Aug-77     4247     1.19     0.00     1.19
  18-Aug-77     4248     0.00     0.00     0.00
  19-Aug-77     4249     2.44     0.00     2.44
  20-Aug-77     4250     3.32     0.00     3.32
  21-Aug-77     4251     0.00     0.00     0.00
  22-Aug-77     4252     0.44     0.00     0.44
  23-Aug-77     4253     0.08     1.44     1.53
  24-Aug-77     4254     2.07     2.72     4.78
  25-Aug-77     4255     3.26     1.98     5.24
  26-Aug-77     4256     0.00     3.04     3.04
  27-Aug-77     4257     0.43     0.49     0.91
  28-Aug-77     4258     0.00     0.24     0.24
  29-Aug-77     4259     0.00     0.69     0.69
  30-Aug-77     4260     3.88     1.02     4.90
  31-Aug-77     4261     5.99     0.00     5.99
  01-Sep-77     4262     3.84     0.25     4.09
  02-Sep-77     4263     0.45     0.00     0.45
  03-Sep-77     4264     1.29     0.86     2.15
  04-Sep-77     4265     0.00     0.00     0.00
  05-Sep-77     4266     0.44     0.00     0.44
  06-Sep-77     4267     2.93     0.00     2.93
  07-Sep-77     4268     4.39     0.00     4.39
  08-Sep-77     4269     6.03     0.00     6.03
  09-Sep-77     4270     7.54     0.00     7.54
  10-Sep-77     4271     6.19     0.00     6.19
  11-Sep-77     4272     9.06     0.00     9.06
  12-Sep-77     4273     0.81     0.00     0.81
  13-Sep-77     4274     3.11     0.00     3.11
  14-Sep-77     4275     2.42     0.00     2.42
  15-Sep-77     4276     3.54     0.00     3.54
  16-Sep-77     4277    22.69     0.00    22.69
  17-Sep-77     4278     3.65     0.00     3.65
  18-Sep-77     4279     4.83     1.03     5.86
  19-Sep-77     4280    20.96     1.08    22.04
  20-Sep-77     4281    31.17     1.10    32.27
  21-Sep-77     4282     3.30     1.05     4.34
  22-Sep-77     4283     3.66     1.56     5.22
  23-Sep-77     4284     0.00     3.95     3.95
  24-Sep-77     4285     0.37     2.79     3.16
  25-Sep-77     4286     5.13     4.91    10.04
  26-Sep-77     4287     4.27     8.13    12.39
  27-Sep-77     4288     5.62     8.01    13.63
  28-Sep-77     4289     1.50     2.48     3.98
  29-Sep-77     4290     3.79     0.00     3.79
  30-Sep-77     4291     2.46     0.33     2.80
  01-Oct-77     4292     1.15     0.00     1.15
  02-Oct-77     4293     0.69     0.89     1.58
  03-Oct-77     4294     5.84     0.00     5.84
  04-Oct-77     4295     2.27     0.00     2.27
  05-Oct-77     4296     8.08     0.00     8.08
  06-Oct-77     4297    15.28     0.00    15.28
  07-Oct-77     4298     6.93     0.20     7.13
  08-Oct-77     4299     6.78     0.00     6.78
  09-Oct-77     4300     2.53     0.00     2.53
  10-Oct-77     4301     2.70     0.00     2.70
  11-Oct-77     4302     3.85     0.00     3.85
  12-Oct-77     4303    11.45     0.00    11.45
  13-Oct-77     4304     5.13     0.00     5.13
  14-Oct-77     4305     5.65     0.00     5.65
  15-Oct-77     4306     0.35     0.00     0.35
  16-Oct-77     4307     2.22     0.00     2.22
  17-Oct-77     4308     0.00     0.00     0.00
  18-Oct-77     4309     1.11     1.57     2.67
  19-Oct-77     4310     2.58     3.05     5.63
  20-Oct-77     4311     1.91     5.59     7.50
  21-Oct-77     4312     2.72     5.79     8.51
  22-Oct-77     4313     2.70     0.75     3.45
  23-Oct-77     4314     1.51     1.15     2.66
  24-Oct-77     4315     0.07     1.38     1.44
  25-Oct-77     4316     0.00     0.26     0.26
  26-Oct-77     4317     0.43     0.00     0.43
  27-Oct-77     4318     1.00     0.00     1.00
  28-Oct-77     4319     2.95     7.52    10.47
  29-Oct-77     4320     6.50     4.53    11.03
  30-Oct-77     4321     0.48     1.11     1.59
  31-Oct-77     4322     3.00     0.00     3.00
  01-Nov-77     4323     0.00     0.53     0.53
  02-Nov-77     4324     0.14     1.52     1.66
  03-Nov-77     4325     0.97     0.00     0.97
  04-Nov-77     4326     0.74     0.00     0.74
  05-Nov-77     4327     0.24     0.69     0.93
  06-Nov-77     4328     0.60     0.00     0.60
  07-Nov-77     4329     0.30     8.21     8.51
  08-Nov-77     4330     2.17     0.87     3.04
  09-Nov-77     4331     5.17     1.15     6.32
  10-Nov-77     4332     1.15     1.12     2.27
  11-Nov-77     4333     3.72     0.00     3.72
  12-Nov-77     4334     1.29     0.49     1.78
  13-Nov-77     4335     2.31     0.00     2.31
  14-Nov-77     4336     0.00     3.88     3.88
  15-Nov-77     4337     1.48     4.00     5.48
  16-Nov-77     4338     2.24     1.97     4.21
  17-Nov-77     4339     1.50     0.45     1.95
  18-Nov-77     4340     1.99     0.00     1.99
  19-Nov-77     4341     3.76     0.28     4.04
  20-Nov-77     4342     2.48     0.00     2.48
  21-Nov-77     4343     3.10     0.00     3.10
  22-Nov-77     4344    15.26     0.26    15.51
  23-Nov-77     4345     0.46     0.00     0.46
  24-Nov-77     4346     0.40     0.00     0.40
  25-Nov-77     4347     0.00     0.00     0.00
  26-Nov-77     4348     0.00     0.00     0.00
  27-Nov-77     4349     0.51     0.00     0.51
  28-Nov-77     4350     0.97     0.00     0.97
  29-Nov-77     4351     0.00     0.00     0.00
  30-Nov-77     4352     0.36     1.30     1.66
  01-Dec-77     4353     0.67     2.73     3.40
  02-Dec-77     4354     0.69     4.35     5.03
  03-Dec-77     4355     1.11     0.64     1.75
  04-Dec-77     4356     1.80     1.23     3.03
  05-Dec-77     4357     0.89     7.36     8.26
  06-Dec-77     4358     0.72     5.61     6.33
  07-Dec-77     4359     1.98    14.51    16.48
  08-Dec-77     4360     2.00     3.78     5.77
  09-Dec-77     4361     3.52     8.32    11.84
  10-Dec-77     4362     0.93    15.05    15.98
  11-Dec-77     4363     0.15     9.09     9.25
  12-Dec-77     4364     1.11    10.54    11.65
  13-Dec-77     4365     0.10     3.33     3.44
  14-Dec-77     4366     0.00     1.24     1.24
  15-Dec-77     4367     0.66     1.22     1.88
  16-Dec-77     4368     0.56     1.01     1.58
  17-Dec-77     4369     0.37     1.22     1.59
  18-Dec-77     4370     0.30     0.00     0.30
  19-Dec-77     4371     2.15     0.00     2.15
  20-Dec-77     4372     1.05     0.13     1.18
  21-Dec-77     4373     0.00     0.00     0.00
  22-Dec-77     4374     3.25     0.00     3.25
  23-Dec-77     4375     2.22     0.25     2.47
  24-Dec-77     4376     5.56     0.28     5.83
  25-Dec-77     4377     1.70     2.55     4.25
  26-Dec-77     4378     2.05    13.37    15.41
  27-Dec-77     4379     2.59    11.67    14.27
  28-Dec-77     4380     1.87     5.13     7.00
  29-Dec-77     4381     2.16     8.11    10.27
  30-Dec-77     4382     2.28     6.08     8.36
  31-Dec-77     4383     0.35     2.19     2.54