
            DAILY SOLAR FLARE INDEX
           01 JAN 1991 - 31 DEC 1991
________________________________________________

  TIME (DAY)            NORTH    SOUTH    TOTAL
================================================
  01-Jan-91     9132     3.00     4.30     7.30
  02-Jan-91     9133     0.00     5.13     5.13
  03-Jan-91     9134     0.07     5.81     5.88
  04-Jan-91     9135     3.48     9.88    13.36
  05-Jan-91     9136     1.55     4.74     6.29
  06-Jan-91     9137     3.69     3.19     6.88
  07-Jan-91     9138     0.52     9.99    10.51
  08-Jan-91     9139     4.02    15.16    19.18
  09-Jan-91     9140     4.60     3.46     8.06
  10-Jan-91     9141     8.80     4.06    12.86
  11-Jan-91     9142     5.35     7.63    12.98
  12-Jan-91     9143     4.40    15.19    19.59
  13-Jan-91     9144     5.89     8.18    14.07
  14-Jan-91     9145     2.71     3.89     6.60
  15-Jan-91     9146     8.39     2.71    11.10
  16-Jan-91     9147     6.62     0.90     7.52
  17-Jan-91     9148     3.80    13.07    16.87
  18-Jan-91     9149     8.54    13.27    21.81
  19-Jan-91     9150     2.96     4.33     7.29
  20-Jan-91     9151     1.49     5.19     6.68
  21-Jan-91     9152     0.22    20.04    20.26
  22-Jan-91     9153     0.20    42.52    42.72
  23-Jan-91     9154     0.46     8.90     9.36
  24-Jan-91     9155     0.73     8.36     9.09
  25-Jan-91     9156     0.37    32.08    32.45
  26-Jan-91     9157     4.31    16.56    20.87
  27-Jan-91     9158    13.24    34.38    47.62
  28-Jan-91     9159     5.77    32.57    38.34
  29-Jan-91     9160     7.03    27.60    34.63
  30-Jan-91     9161     1.71    26.77    28.48
  31-Jan-91     9162     9.53    69.97    79.50
  01-Feb-91     9163     0.12    19.23    19.35
  02-Feb-91     9164     1.89    23.28    25.17
  03-Feb-91     9165     1.30    14.23    15.53
  04-Feb-91     9166     1.62    23.26    24.88
  05-Feb-91     9167     0.37     6.12     6.49
  06-Feb-91     9168    11.98    21.13    33.11
  07-Feb-91     9169     1.53     6.53     8.06
  08-Feb-91     9170    11.14     1.32    12.46
  09-Feb-91     9171     2.29     0.00     2.29
  10-Feb-91     9172    10.18     0.00    10.18
  11-Feb-91     9173     8.82     3.82    12.64
  12-Feb-91     9174     9.33     1.47    10.80
  13-Feb-91     9175     6.89    10.98    17.87
  14-Feb-91     9176    12.10     2.44    14.54
  15-Feb-91     9177     2.72    10.52    13.24
  16-Feb-91     9178     8.36     3.03    11.39
  17-Feb-91     9179     1.49     4.33     5.82
  18-Feb-91     9180     1.71    11.03    12.74
  19-Feb-91     9181     0.60    19.02    19.62
  20-Feb-91     9182     4.16     9.68    13.84
  21-Feb-91     9183     0.00    10.82    10.82
  22-Feb-91     9184     3.58     3.39     6.97
  23-Feb-91     9185     0.00    12.95    12.95
  24-Feb-91     9186     1.53    11.30    12.83
  25-Feb-91     9187     6.51    19.33    25.84
  26-Feb-91     9188     0.00     3.93     3.93
  27-Feb-91     9189    10.21    10.59    20.80
  28-Feb-91     9190     0.36     4.16     4.52
  01-Mar-91     9191     4.36     2.76     7.12
  02-Mar-91     9192     2.97     4.85     7.82
  03-Mar-91     9193     1.71     1.40     3.11
  04-Mar-91     9194     5.77     0.77     6.54
  05-Mar-91     9195     1.30    14.17    15.47
  06-Mar-91     9196     1.79     7.68     9.47
  07-Mar-91     9197     3.42    27.84    31.26
  08-Mar-91     9198     0.55    16.22    16.77
  09-Mar-91     9199     5.13    28.15    33.28
  10-Mar-91     9200     2.39     9.13    11.52
  11-Mar-91     9201     0.00     9.53     9.53
  12-Mar-91     9202     2.98    13.35    16.33
  13-Mar-91     9203     0.49    18.67    19.16
  14-Mar-91     9204     0.20    12.07    12.27
  15-Mar-91     9205     0.87    22.73    23.60
  16-Mar-91     9206     0.00    17.85    17.85
  17-Mar-91     9207     0.30    37.41    37.71
  18-Mar-91     9208     1.56    31.78    33.34
  19-Mar-91     9209     0.00    12.74    12.74
  20-Mar-91     9210     0.00    49.38    49.38
  21-Mar-91     9211     0.00    46.92    46.92
  22-Mar-91     9212     0.11    37.95    38.06
  23-Mar-91     9213     2.52    87.92    90.44
  24-Mar-91     9214     1.92    48.23    50.15
  25-Mar-91     9215     2.39    19.49    21.88
  26-Mar-91     9216     0.00    18.46    18.46
  27-Mar-91     9217     0.37    13.31    13.68
  28-Mar-91     9218     0.61     5.91     6.52
  29-Mar-91     9219     5.58     9.44    15.02
  30-Mar-91     9220     0.00     8.83     8.83
  31-Mar-91     9221     0.28     7.60     7.88
  01-Apr-91     9222     4.25     5.37     9.62
  02-Apr-91     9223    16.94     0.73    17.67
  03-Apr-91     9224     0.86     3.69     4.55
  04-Apr-91     9225     6.03     1.34     7.37
  05-Apr-91     9226     2.40     3.04     5.44
  06-Apr-91     9227    14.27     6.77    21.04
  07-Apr-91     9228     3.68     2.94     6.62
  08-Apr-91     9229    15.17     8.75    23.92
  09-Apr-91     9230     8.02    13.56    21.58
  10-Apr-91     9231    19.60     9.17    28.77
  11-Apr-91     9232    12.88    15.29    28.17
  12-Apr-91     9233     4.52    14.62    19.14
  13-Apr-91     9234     6.42     5.74    12.16
  14-Apr-91     9235     6.45    12.72    19.17
  15-Apr-91     9236    14.31    19.95    34.26
  16-Apr-91     9237    20.97    20.21    41.18
  17-Apr-91     9238    11.65     7.52    19.17
  18-Apr-91     9239     7.72     1.94     9.66
  19-Apr-91     9240     5.02     2.02     7.04
  20-Apr-91     9241    43.29     3.31    46.60
  21-Apr-91     9242     0.28     7.64     7.92
  22-Apr-91     9243     0.29     1.46     1.75
  23-Apr-91     9244     0.26     4.31     4.57
  24-Apr-91     9245     0.00     2.84     2.84
  25-Apr-91     9246     1.02     8.69     9.71
  26-Apr-91     9247     2.93     1.29     4.22
  27-Apr-91     9248     0.98     4.60     5.58
  28-Apr-91     9249     0.81     9.86    10.67
  29-Apr-91     9250     0.65     2.13     2.78
  30-Apr-91     9251     0.94     3.79     4.73
  01-May-91     9252     0.00     4.84     4.84
  02-May-91     9253     0.00     3.25     3.25
  03-May-91     9254     0.40    11.08    11.48
  04-May-91     9255     0.00     5.81     5.81
  05-May-91     9256     3.15     5.42     8.57
  06-May-91     9257     3.48     8.68    12.16
  07-May-91     9258     3.85     5.19     9.04
  08-May-91     9259    12.08     8.67    20.75
  09-May-91     9260     5.19     5.08    10.27
  10-May-91     9261     7.93     6.65    14.58
  11-May-91     9262     9.96     4.40    14.36
  12-May-91     9263     2.94     9.96    12.90
  13-May-91     9264     3.97     4.62     8.59
  14-May-91     9265     1.35     5.77     7.12
  15-May-91     9266     3.28    10.10    13.38
  16-May-91     9267    13.62     3.56    17.18
  17-May-91     9268     4.23    22.06    26.29
  18-May-91     9269    48.85     9.17    58.02
  19-May-91     9270     1.73     9.33    11.06
  20-May-91     9271     0.00    10.78    10.78
  21-May-91     9272    12.30     4.76    17.06
  22-May-91     9273     7.19     7.00    14.19
  23-May-91     9274     3.10     1.58     4.68
  24-May-91     9275     3.06     1.31     4.37
  25-May-91     9276     4.47     0.21     4.68
  26-May-91     9277     3.65     1.48     5.13
  27-May-91     9278    11.40     3.65    15.05
  28-May-91     9279    16.94     4.54    21.48
  29-May-91     9280    26.93     7.64    34.57
  30-May-91     9281     4.67     2.45     7.12
  31-May-91     9282    14.39     9.94    24.33
  01-Jun-91     9283     7.29    14.21    21.50
  02-Jun-91     9284     9.56    26.67    36.23
  03-Jun-91     9285     3.44     2.78     6.22
  04-Jun-91     9286    13.66     2.69    16.35
  05-Jun-91     9287     9.62     9.02    18.64
  06-Jun-91     9288    28.48    18.67    47.15
  07-Jun-91     9289    38.90     5.79    44.69
  08-Jun-91     9290     6.17     7.58    13.75
  09-Jun-91     9291    22.28     8.16    30.44
  10-Jun-91     9292    21.55     7.78    29.33
  11-Jun-91     9293    34.21     3.33    37.54
  12-Jun-91     9294    12.75     2.33    15.08
  13-Jun-91     9295    17.29     0.96    18.25
  14-Jun-91     9296     9.42     8.13    17.55
  15-Jun-91     9297    35.67     4.54    40.21
  16-Jun-91     9298     5.21     1.95     7.16
  17-Jun-91     9299     8.79     2.19    10.98
  18-Jun-91     9300     9.45     2.23    11.68
  19-Jun-91     9301     1.92     7.68     9.60
  20-Jun-91     9302     3.05     8.90    11.95
  21-Jun-91     9303     1.92     6.17     8.09
  22-Jun-91     9304     0.65    14.21    14.86
  23-Jun-91     9305     2.15     3.42     5.57
  24-Jun-91     9306     3.38     3.46     6.84
  25-Jun-91     9307     4.60     1.15     5.75
  26-Jun-91     9308     1.58     0.00     1.58
  27-Jun-91     9309     4.15    15.69    19.84
  28-Jun-91     9310     4.11     5.78     9.89
  29-Jun-91     9311     2.05     5.03     7.08
  30-Jun-91     9312    13.43     3.12    16.55
  01-Jul-91     9313    13.57     9.24    22.81
  02-Jul-91     9314    11.15     0.00    11.15
  03-Jul-91     9315    13.15     7.69    20.84
  04-Jul-91     9316    15.19     3.73    18.92
  05-Jul-91     9317    64.69     3.53    68.22
  06-Jul-91     9318    24.71     2.40    27.11
  07-Jul-91     9319    46.31     1.99    48.30
  08-Jul-91     9320     6.81     1.31     8.12
  09-Jul-91     9321    15.07     4.55    19.62
  10-Jul-91     9322     9.66    15.04    24.70
  11-Jul-91     9323    62.63     0.40    63.03
  12-Jul-91     9324    13.21     9.31    22.52
  13-Jul-91     9325     4.58    10.21    14.79
  14-Jul-91     9326     1.69    10.96    12.65
  15-Jul-91     9327     1.54     3.97     5.51
  16-Jul-91     9328     0.00     8.02     8.02
  17-Jul-91     9329     0.00    27.47    27.47
  18-Jul-91     9330     5.02     3.80     8.82
  19-Jul-91     9331     0.00     9.26     9.26
  20-Jul-91     9332     6.01     9.21    15.22
  21-Jul-91     9333     1.75     3.07     4.82
  22-Jul-91     9334    28.32    10.42    38.74
  23-Jul-91     9335     7.63    12.13    19.76
  24-Jul-91     9336    10.06     8.97    19.03
  25-Jul-91     9337     6.26     3.35     9.61
  26-Jul-91     9338     5.31     6.29    11.60
  27-Jul-91     9339     5.81     2.27     8.08
  28-Jul-91     9340     6.35     2.12     8.47
  29-Jul-91     9341     4.80     4.27     9.07
  30-Jul-91     9342    14.67     4.29    18.96
  31-Jul-91     9343     4.78    10.86    15.64
  01-Aug-91     9344     3.51    13.37    16.88
  02-Aug-91     9345     8.99     0.91     9.90
  03-Aug-91     9346    13.68     2.94    16.62
  04-Aug-91     9347     4.83     1.58     6.41
  05-Aug-91     9348    10.70     3.65    14.35
  06-Aug-91     9349    12.41     3.72    16.13
  07-Aug-91     9350     3.72     7.07    10.79
  08-Aug-91     9351     3.81     5.32     9.13
  09-Aug-91     9352     0.63     0.00     0.63
  10-Aug-91     9353     0.00     0.44     0.44
  11-Aug-91     9354     1.83     0.70     2.53
  12-Aug-91     9355     1.42     3.29     4.71
  13-Aug-91     9356     2.60     2.75     5.35
  14-Aug-91     9357     0.48     8.75     9.23
  15-Aug-91     9358     0.20    32.78    32.98
  16-Aug-91     9359     5.85    15.63    21.48
  17-Aug-91     9360     0.42    14.02    14.44
  18-Aug-91     9361     7.92    12.12    20.04
  19-Aug-91     9362     2.54     7.90    10.44
  20-Aug-91     9363     1.51    14.35    15.86
  21-Aug-91     9364     1.02     3.18     4.20
  22-Aug-91     9365     1.83    10.90    12.73
  23-Aug-91     9366     4.20    12.43    16.63
  24-Aug-91     9367     1.85     9.50    11.35
  25-Aug-91     9368    34.14     6.36    40.50
  26-Aug-91     9369     2.83     5.00     7.83
  27-Aug-91     9370     6.50     0.16     6.66
  28-Aug-91     9371     7.67     0.86     8.53
  29-Aug-91     9372     3.13    31.94    35.07
  30-Aug-91     9373     2.81    14.24    17.05
  31-Aug-91     9374     0.00    10.98    10.98
  01-Sep-91     9375     0.67     5.88     6.55
  02-Sep-91     9376     5.92     8.73    14.65
  03-Sep-91     9377     7.10    14.92    22.02
  04-Sep-91     9378     8.21     1.83    10.04
  05-Sep-91     9379     7.84    11.13    18.97
  06-Sep-91     9380     1.58     7.82     9.40
  07-Sep-91     9381     0.00    31.90    31.90
  08-Sep-91     9382     2.44    16.99    19.43
  09-Sep-91     9383     0.94     8.99     9.93
  10-Sep-91     9384     0.00     2.39     2.39
  11-Sep-91     9385     0.52     7.00     7.52
  12-Sep-91     9386     3.04     1.40     4.44
  13-Sep-91     9387     3.24     0.26     3.50
  14-Sep-91     9388     0.60     6.23     6.83
  15-Sep-91     9389     0.09     3.49     3.58
  16-Sep-91     9390     0.37     5.81     6.18
  17-Sep-91     9391     2.38     1.42     3.80
  18-Sep-91     9392     6.36     0.00     6.36
  19-Sep-91     9393     1.44     0.46     1.90
  20-Sep-91     9394     3.06     0.15     3.21
  21-Sep-91     9395     2.26     1.24     3.50
  22-Sep-91     9396     0.79     8.42     9.21
  23-Sep-91     9397     0.55     7.98     8.53
  24-Sep-91     9398     1.10     4.65     5.75
  25-Sep-91     9399     0.67     4.75     5.42
  26-Sep-91     9400     0.00    10.17    10.17
  27-Sep-91     9401     0.00     7.77     7.77
  28-Sep-91     9402     3.21     5.98     9.19
  29-Sep-91     9403     0.00    32.27    32.27
  30-Sep-91     9404     1.83    12.63    14.46
  01-Oct-91     9405     0.21    14.36    14.57
  02-Oct-91     9406     3.38    12.19    15.57
  03-Oct-91     9407     2.65    17.60    20.25
  04-Oct-91     9408     1.08     8.42     9.50
  05-Oct-91     9409     2.92    11.41    14.33
  06-Oct-91     9410     2.38     2.31     4.69
  07-Oct-91     9411     5.10     3.52     8.62
  08-Oct-91     9412     5.81     3.58     9.39
  09-Oct-91     9413     4.03     2.44     6.47
  10-Oct-91     9414     1.46     5.17     6.63
  11-Oct-91     9415     1.31     4.17     5.48
  12-Oct-91     9416     1.57     5.66     7.23
  13-Oct-91     9417     4.05     2.83     6.88
  14-Oct-91     9418    20.25    20.63    40.88
  15-Oct-91     9419     3.04    10.17    13.21
  16-Oct-91     9420     3.25     6.29     9.54
  17-Oct-91     9421     2.69     5.69     8.38
  18-Oct-91     9422     0.60     1.73     2.33
  19-Oct-91     9423     0.00     0.00     0.00
  20-Oct-91     9424     0.90     2.02     2.92
  21-Oct-91     9425     4.70     0.80     5.50
  22-Oct-91     9426     0.95     8.67     9.62
  23-Oct-91     9427     1.45     4.25     5.70
  24-Oct-91     9428     2.62    22.02    24.64
  25-Oct-91     9429     3.33    19.05    22.38
  26-Oct-91     9430     2.13    16.83    18.96
  27-Oct-91     9431     6.53    31.45    37.98
  28-Oct-91     9432     5.33    18.14    23.47
  29-Oct-91     9433     1.18    19.39    20.57
  30-Oct-91     9434     0.59    15.96    16.55
  31-Oct-91     9435     3.65     6.69    10.34
  01-Nov-91     9436     6.67     6.42    13.09
  02-Nov-91     9437     3.88    11.98    15.86
  03-Nov-91     9438     3.02     2.44     5.46
  04-Nov-91     9439     1.53     3.11     4.64
  05-Nov-91     9440     0.31     8.85     9.16
  06-Nov-91     9441     5.67    13.40    19.07
  07-Nov-91     9442     3.01     6.75     9.76
  08-Nov-91     9443     4.85    25.77    30.62
  09-Nov-91     9444     7.83    14.73    22.56
  10-Nov-91     9445     6.75    10.99    17.74
  11-Nov-91     9446     0.67     3.62     4.29
  12-Nov-91     9447     6.90     1.77     8.67
  13-Nov-91     9448     3.40     3.09     6.49
  14-Nov-91     9449     5.33     1.25     6.58
  15-Nov-91     9450     2.48     6.57     9.05
  16-Nov-91     9451     0.11     4.75     4.86
  17-Nov-91     9452     1.12     5.06     6.18
  18-Nov-91     9453     0.00     2.52     2.52
  19-Nov-91     9454     0.00     8.77     8.77
  20-Nov-91     9455     0.00     8.51     8.51
  21-Nov-91     9456     0.00     1.92     1.92
  22-Nov-91     9457     0.73     1.37     2.10
  23-Nov-91     9458     0.00     4.95     4.95
  24-Nov-91     9459     0.00     4.30     4.30
  25-Nov-91     9460     0.00     1.69     1.69
  26-Nov-91     9461     0.00     6.29     6.29
  27-Nov-91     9462     0.75     5.50     6.25
  28-Nov-91     9463     0.00     3.88     3.88
  29-Nov-91     9464     0.18     7.03     7.21
  30-Nov-91     9465     0.00    11.27    11.27
  01-Dec-91     9466     0.49     6.42     6.91
  02-Dec-91     9467     2.22     4.78     7.00
  03-Dec-91     9468     7.99     5.84    13.83
  04-Dec-91     9469     5.96     2.26     8.22
  05-Dec-91     9470     7.93     3.36    11.29
  06-Dec-91     9471    10.24     5.52    15.76
  07-Dec-91     9472     9.67     1.32    10.99
  08-Dec-91     9473    36.13     1.45    37.58
  09-Dec-91     9474    10.86     7.56    18.42
  10-Dec-91     9475     8.19    11.69    19.88
  11-Dec-91     9476     4.21    13.17    17.38
  12-Dec-91     9477     5.90    11.58    17.48
  13-Dec-91     9478     5.86     5.08    10.94
  14-Dec-91     9479     7.21    11.46    18.67
  15-Dec-91     9480     4.72     4.84     9.56
  16-Dec-91     9481     3.45    15.54    18.99
  17-Dec-91     9482     4.83     6.20    11.03
  18-Dec-91     9483     0.00     4.70     4.70
  19-Dec-91     9484     4.59     5.10     9.69
  20-Dec-91     9485     0.00     7.40     7.40
  21-Dec-91     9486     0.00     1.25     1.25
  22-Dec-91     9487     0.54     8.45     8.99
  23-Dec-91     9488     0.00    21.11    21.11
  24-Dec-91     9489     1.98    20.53    22.51
  25-Dec-91     9490     0.00     7.34     7.34
  26-Dec-91     9491     0.00    32.15    32.15
  27-Dec-91     9492     0.00    15.75    15.75
  28-Dec-91     9493     0.00    10.54    10.54
  29-Dec-91     9494     0.00    12.21    12.21
  30-Dec-91     9495     0.00    40.91    40.91
  31-Dec-91     9496     0.00    12.72    12.72