
            DAILY SOLAR FLARE INDEX
           01 JAN 1966 - 31 DEC 1966
________________________________________________

  TIME (DAY)            NORTH    SOUTH    TOTAL
================================================
  01-Jan-66        1     0.00     0.00     0.00
  02-Jan-66        2     0.00     0.00     0.00
  03-Jan-66        3     0.00     0.00     0.00
  04-Jan-66        4     0.00     0.00     0.00
  05-Jan-66        5     0.00     0.00     0.00
  06-Jan-66        6     0.00     0.00     0.00
  07-Jan-66        7     0.00     0.00     0.00
  08-Jan-66        8     0.00     0.00     0.00
  09-Jan-66        9     0.00     0.00     0.00
  10-Jan-66       10     0.66     0.00     0.66
  11-Jan-66       11     4.96     0.00     4.96
  12-Jan-66       12     0.00     0.00     0.00
  13-Jan-66       13     0.59     0.00     0.59
  14-Jan-66       14     3.29     0.00     3.29
  15-Jan-66       15     0.75     0.00     0.75
  16-Jan-66       16     1.76     0.00     1.76
  17-Jan-66       17    16.59     0.00    16.59
  18-Jan-66       18    14.92     0.00    14.92
  19-Jan-66       19     8.65     0.00     8.65
  20-Jan-66       20     1.85     0.00     1.85
  21-Jan-66       21     0.00     0.00     0.00
  22-Jan-66       22     1.15     0.00     1.15
  23-Jan-66       23     0.00     3.16     3.16
  24-Jan-66       24     1.75     0.00     1.75
  25-Jan-66       25     0.00     0.00     0.00
  26-Jan-66       26     0.00     0.00     0.00
  27-Jan-66       27     0.00     0.00     0.00
  28-Jan-66       28     1.75     0.00     1.75
  29-Jan-66       29     0.96     1.54     2.50
  30-Jan-66       30     0.00     0.00     0.00
  31-Jan-66       31     0.00     0.00     0.00
  01-Feb-66       32     0.00     0.00     0.00
  02-Feb-66       33     7.46     0.00     7.46
  03-Feb-66       34     0.42     0.00     0.42
  04-Feb-66       35     0.00     0.00     0.00
  05-Feb-66       36     0.29     0.00     0.29
  06-Feb-66       37     0.00     0.00     0.00
  07-Feb-66       38     2.67     0.00     2.67
  08-Feb-66       39     0.00     0.00     0.00
  09-Feb-66       40     0.00     0.00     0.00
  10-Feb-66       41     3.12     0.00     3.12
  11-Feb-66       42     4.20     0.00     4.20
  12-Feb-66       43     1.92     0.00     1.92
  13-Feb-66       44     1.25     0.00     1.25
  14-Feb-66       45     0.00     0.00     0.00
  15-Feb-66       46     0.00     0.00     0.00
  16-Feb-66       47     0.96     0.00     0.96
  17-Feb-66       48     0.00     0.00     0.00
  18-Feb-66       49     2.79     0.00     2.79
  19-Feb-66       50     0.00     0.00     0.00
  20-Feb-66       51     1.08     0.00     1.08
  21-Feb-66       52     0.00     0.00     0.00
  22-Feb-66       53     5.19     0.00     5.19
  23-Feb-66       54     2.42     0.00     2.42
  24-Feb-66       55     2.13     0.00     2.13
  25-Feb-66       56     3.74     0.00     3.74
  26-Feb-66       57     6.75     0.00     6.75
  27-Feb-66       58    11.96     0.00    11.96
  28-Feb-66       59    21.75     0.00    21.75
  01-Mar-66       60     4.83     0.00     4.83
  02-Mar-66       61     7.08     0.00     7.08
  03-Mar-66       62     0.00     0.00     0.00
  04-Mar-66       63     0.00     0.00     0.00
  05-Mar-66       64     0.00     0.00     0.00
  06-Mar-66       65     0.00     0.00     0.00
  07-Mar-66       66     0.00     0.00     0.00
  08-Mar-66       67     0.00     0.00     0.00
  09-Mar-66       68     0.00     0.00     0.00
  10-Mar-66       69     0.00     0.00     0.00
  11-Mar-66       70     0.00     0.00     0.00
  12-Mar-66       71     0.00     0.00     0.00
  13-Mar-66       72     0.00     0.00     0.00
  14-Mar-66       73     0.17     0.00     0.17
  15-Mar-66       74    10.17     0.00    10.17
  16-Mar-66       75    19.92     0.00    19.92
  17-Mar-66       76    12.17     0.00    12.17
  18-Mar-66       77     8.50     0.00     8.50
  19-Mar-66       78    19.29     0.00    19.29
  20-Mar-66       79    40.50     0.00    40.50
  21-Mar-66       80    32.79     0.00    32.79
  22-Mar-66       81     7.38     0.00     7.38
  23-Mar-66       82     6.08     0.00     6.08
  24-Mar-66       83    18.64     0.00    18.64
  25-Mar-66       84    29.79     0.00    29.79
  26-Mar-66       85    15.67     0.00    15.67
  27-Mar-66       86    13.13     0.00    13.13
  28-Mar-66       87    27.08     0.00    27.08
  29-Mar-66       88    32.04     0.00    32.04
  30-Mar-66       89    22.42     0.00    22.42
  31-Mar-66       90    20.92     0.00    20.92
  01-Apr-66       91    12.96     0.00    12.96
  02-Apr-66       92     9.92     0.00     9.92
  03-Apr-66       93     2.88     0.00     2.88
  04-Apr-66       94    18.33     0.00    18.33
  05-Apr-66       95     1.00     0.00     1.00
  06-Apr-66       96     4.42     0.00     4.42
  07-Apr-66       97     3.08     0.00     3.08
  08-Apr-66       98    12.96     0.00    12.96
  09-Apr-66       99     4.17     0.00     4.17
  10-Apr-66      100     3.35     0.00     3.35
  11-Apr-66      101    12.88     0.00    12.88
  12-Apr-66      102     5.29     0.00     5.29
  13-Apr-66      103    11.25     0.00    11.25
  14-Apr-66      104     3.13     0.00     3.13
  15-Apr-66      105     7.29     0.00     7.29
  16-Apr-66      106     0.00     0.00     0.00
  17-Apr-66      107     3.58     0.00     3.58
  18-Apr-66      108     6.13     0.00     6.13
  19-Apr-66      109     0.00     0.00     0.00
  20-Apr-66      110     7.38     0.00     7.38
  21-Apr-66      111     1.06     0.00     1.06
  22-Apr-66      112     1.08     0.00     1.08
  23-Apr-66      113     0.42     0.00     0.42
  24-Apr-66      114     3.32     0.00     3.32
  25-Apr-66      115     2.17     0.00     2.17
  26-Apr-66      116     0.83     0.00     0.83
  27-Apr-66      117     7.83     0.00     7.83
  28-Apr-66      118     0.50     0.00     0.50
  29-Apr-66      119     1.71     0.00     1.71
  30-Apr-66      120     0.00     0.00     0.00
  01-May-66      121     2.13     0.00     2.13
  02-May-66      122     1.42     0.00     1.42
  03-May-66      123     1.63     0.00     1.63
  04-May-66      124     2.38     0.00     2.38
  05-May-66      125     0.00     0.00     0.00
  06-May-66      126     5.63     0.00     5.63
  07-May-66      127     0.00     0.00     0.00
  08-May-66      128     0.13     0.00     0.13
  09-May-66      129     0.63     0.00     0.63
  10-May-66      130     1.22     0.00     1.22
  11-May-66      131     4.33     0.00     4.33
  12-May-66      132     1.21     0.00     1.21
  13-May-66      133     2.17     0.00     2.17
  14-May-66      134     4.50     0.00     4.50
  15-May-66      135     1.54     0.00     1.54
  16-May-66      136     1.92     0.00     1.92
  17-May-66      137     0.33     0.00     0.33
  18-May-66      138     0.25     0.00     0.25
  19-May-66      139     2.83     0.00     2.83
  20-May-66      140     4.96     8.66    13.61
  21-May-66      141     2.83     0.00     2.83
  22-May-66      142     2.92     0.00     2.92
  23-May-66      143     4.75     0.00     4.75
  24-May-66      144    10.50     3.38    13.88
  25-May-66      145    12.64    12.13    24.77
  26-May-66      146     1.08     0.00     1.08
  27-May-66      147     0.50     0.00     0.50
  28-May-66      148    21.21     0.00    21.21
  29-May-66      149    14.79     0.00    14.79
  30-May-66      150     0.00     0.00     0.00
  31-May-66      151     2.04     0.83     2.88
  01-Jun-66      152     0.00     0.00     0.00
  02-Jun-66      153     1.25     0.00     1.25
  03-Jun-66      154     0.21     0.00     0.21
  04-Jun-66      155     2.75     0.00     2.75
  05-Jun-66      156     0.00     0.00     0.00
  06-Jun-66      157     1.88     0.00     1.88
  07-Jun-66      158     0.00     0.00     0.00
  08-Jun-66      159     0.34     0.00     0.34
  09-Jun-66      160     1.04     0.00     1.04
  10-Jun-66      161     1.04     0.00     1.04
  11-Jun-66      162     7.92     0.00     7.92
  12-Jun-66      163     6.04     0.00     6.04
  13-Jun-66      164    10.42     0.00    10.42
  14-Jun-66      165     1.63     0.00     1.63
  15-Jun-66      166     0.21     0.00     0.21
  16-Jun-66      167     1.25     0.00     1.25
  17-Jun-66      168     0.00     0.00     0.00
  18-Jun-66      169     0.00     0.00     0.00
  19-Jun-66      170     0.92     0.00     0.92
  20-Jun-66      171     0.46     0.00     0.46
  21-Jun-66      172     0.00     0.00     0.00
  22-Jun-66      173     1.21     0.00     1.21
  23-Jun-66      174     0.71     0.00     0.71
  24-Jun-66      175     4.08     0.00     4.08
  25-Jun-66      176     1.33     4.63     5.96
  26-Jun-66      177     2.04     0.00     2.04
  27-Jun-66      178     8.88     3.54    12.42
  28-Jun-66      179     5.29     0.00     5.29
  29-Jun-66      180     1.29     0.00     1.29
  30-Jun-66      181     0.71     1.67     2.38
  01-Jul-66      182     2.26     0.00     2.26
  02-Jul-66      183     1.58     0.00     1.58
  03-Jul-66      184     1.83     0.00     1.83
  04-Jul-66      185     2.75     0.00     2.75
  05-Jul-66      186     0.42     0.00     0.42
  06-Jul-66      187     7.88     0.00     7.88
  07-Jul-66      188    20.33     0.00    20.33
  08-Jul-66      189    13.21     0.00    13.21
  09-Jul-66      190    15.83     0.00    15.83
  10-Jul-66      191    10.50     0.00    10.50
  11-Jul-66      192    16.00     1.96    17.96
  12-Jul-66      193    19.57     0.00    19.57
  13-Jul-66      194     4.50     0.63     5.13
  14-Jul-66      195     7.54     2.13     9.67
  15-Jul-66      196     0.00     0.00     0.00
  16-Jul-66      197     0.00     0.42     0.42
  17-Jul-66      198     0.00     0.42     0.42
  18-Jul-66      199     0.00     0.00     0.00
  19-Jul-66      200     0.00     0.00     0.00
  20-Jul-66      201     0.00     0.83     0.83
  21-Jul-66      202     0.83     0.00     0.83
  22-Jul-66      203     1.63     0.00     1.63
  23-Jul-66      204     3.67     0.00     3.67
  24-Jul-66      205     2.75     0.00     2.75
  25-Jul-66      206     5.08     0.00     5.08
  26-Jul-66      207     9.92     0.00     9.92
  27-Jul-66      208     5.46     0.00     5.46
  28-Jul-66      209    24.75     0.00    24.75
  29-Jul-66      210    12.50     0.00    12.50
  30-Jul-66      211     0.58     0.00     0.58
  31-Jul-66      212     0.50     0.00     0.50
  01-Aug-66      213     1.88     0.00     1.88
  02-Aug-66      214     0.44     0.00     0.44
  03-Aug-66      215     8.83     0.00     8.83
  04-Aug-66      216     3.50     0.00     3.50
  05-Aug-66      217     7.33     0.00     7.33
  06-Aug-66      218    11.38     0.00    11.38
  07-Aug-66      219     4.21     0.00     4.21
  08-Aug-66      220     1.13     0.00     1.13
  09-Aug-66      221     0.25     0.00     0.25
  10-Aug-66      222     0.00     0.00     0.00
  11-Aug-66      223     0.42     0.00     0.42
  12-Aug-66      224     0.00     0.00     0.00
  13-Aug-66      225     0.00     0.00     0.00
  14-Aug-66      226     2.25     6.38     8.63
  15-Aug-66      227     0.00     0.00     0.00
  16-Aug-66      228     2.83     1.17     4.00
  17-Aug-66      229     7.67     0.92     8.58
  18-Aug-66      230     2.08     0.00     2.08
  19-Aug-66      231     1.79     0.00     1.79
  20-Aug-66      232     0.00     0.00     0.00
  21-Aug-66      233     2.71     0.00     2.71
  22-Aug-66      234     8.42     0.00     8.42
  23-Aug-66      235    14.42     0.00    14.42
  24-Aug-66      236     6.58     0.00     6.58
  25-Aug-66      237     2.46     0.00     2.46
  26-Aug-66      238     6.79     0.00     6.79
  27-Aug-66      239     5.71     0.00     5.71
  28-Aug-66      240    22.33     0.00    22.33
  29-Aug-66      241    27.17     0.00    27.17
  30-Aug-66      242     3.71     0.00     3.71
  31-Aug-66      243    21.79     0.00    21.79
  01-Sep-66      244     2.92     0.00     2.92
  02-Sep-66      245    21.33     0.00    21.33
  03-Sep-66      246     2.08     0.00     2.08
  04-Sep-66      247    11.92     0.00    11.92
  05-Sep-66      248     8.17     0.00     8.17
  06-Sep-66      249     1.10     0.00     1.10
  07-Sep-66      250     2.00     0.00     2.00
  08-Sep-66      251     2.79     0.00     2.79
  09-Sep-66      252     0.38     0.00     0.38
  10-Sep-66      253     7.38     0.50     7.88
  11-Sep-66      254     0.00     0.60     0.60
  12-Sep-66      255     4.29     0.00     4.29
  13-Sep-66      256     0.00     3.13     3.13
  14-Sep-66      257     4.54     1.38     5.92
  15-Sep-66      258     0.50     0.00     0.50
  16-Sep-66      259    23.50     0.00    23.50
  17-Sep-66      260     7.96     0.00     7.96
  18-Sep-66      261     3.96     0.00     3.96
  19-Sep-66      262    10.98     0.00    10.98
  20-Sep-66      263    39.87     0.00    39.87
  21-Sep-66      264    10.79     0.00    10.79
  22-Sep-66      265     0.58     0.00     0.58
  23-Sep-66      266     7.88     0.00     7.88
  24-Sep-66      267     0.00     0.00     0.00
  25-Sep-66      268     4.25     0.00     4.25
  26-Sep-66      269     3.21     0.00     3.21
  27-Sep-66      270     0.00     0.00     0.00
  28-Sep-66      271     0.00     2.08     2.08
  29-Sep-66      272     2.88     0.00     2.88
  30-Sep-66      273     0.00     0.00     0.00
  01-Oct-66      274     8.71     2.25    10.96
  02-Oct-66      275     6.55     0.26     6.81
  03-Oct-66      276     0.00     0.00     0.00
  04-Oct-66      277     1.67     0.00     1.67
  05-Oct-66      278     0.00     0.00     0.00
  06-Oct-66      279     6.96     0.00     6.96
  07-Oct-66      280     1.81     3.61     5.42
  08-Oct-66      281     2.11     0.00     2.11
  09-Oct-66      282     6.13     3.61     9.75
  10-Oct-66      283     0.00     0.79     0.79
  11-Oct-66      284     2.84     2.37     5.22
  12-Oct-66      285     2.28     0.00     2.28
  13-Oct-66      286     7.04     0.00     7.04
  14-Oct-66      287    11.58     0.00    11.58
  15-Oct-66      288     8.19     0.00     8.19
  16-Oct-66      289     3.57     0.00     3.57
  17-Oct-66      290    12.89     0.00    12.89
  18-Oct-66      291     0.33     0.00     0.33
  19-Oct-66      292     0.00     0.00     0.00
  20-Oct-66      293     9.38     0.00     9.38
  21-Oct-66      294     6.63     0.00     6.63
  22-Oct-66      295     0.92     0.00     0.92
  23-Oct-66      296     9.41     0.00     9.41
  24-Oct-66      297     1.73     0.00     1.73
  25-Oct-66      298     0.00     0.00     0.00
  26-Oct-66      299     1.79     0.00     1.79
  27-Oct-66      300     2.50     0.00     2.50
  28-Oct-66      301     0.00     0.00     0.00
  29-Oct-66      302     0.42     0.00     0.42
  30-Oct-66      303     0.71     0.00     0.71
  31-Oct-66      304     0.58     0.00     0.58
  01-Nov-66      305     2.33     0.00     2.33
  02-Nov-66      306     2.44     0.00     2.44
  03-Nov-66      307     0.42     0.00     0.42
  04-Nov-66      308     0.75     0.00     0.75
  05-Nov-66      309     6.24     0.00     6.24
  06-Nov-66      310     3.74     0.00     3.74
  07-Nov-66      311     1.22     0.00     1.22
  08-Nov-66      312     1.19     0.00     1.19
  09-Nov-66      313     0.67     0.00     0.67
  10-Nov-66      314     0.17     0.00     0.17
  11-Nov-66      315     1.28     0.00     1.28
  12-Nov-66      316     1.21     0.00     1.21
  13-Nov-66      317     0.00     0.00     0.00
  14-Nov-66      318    10.79     0.00    10.79
  15-Nov-66      319     2.33     0.00     2.33
  16-Nov-66      320     1.05     0.00     1.05
  17-Nov-66      321     7.52     0.00     7.52
  18-Nov-66      322     0.92     0.00     0.92
  19-Nov-66      323     0.75     0.00     0.75
  20-Nov-66      324     0.00     0.00     0.00
  21-Nov-66      325     0.00     0.00     0.00
  22-Nov-66      326     8.82     0.00     8.82
  23-Nov-66      327     0.00     0.00     0.00
  24-Nov-66      328     0.00     0.00     0.00
  25-Nov-66      329     1.38     0.00     1.38
  26-Nov-66      330     3.78     0.00     3.78
  27-Nov-66      331     0.00     0.00     0.00
  28-Nov-66      332     4.21     0.00     4.21
  29-Nov-66      333     1.22     0.00     1.22
  30-Nov-66      334     1.96     0.00     1.96
  01-Dec-66      335     0.83     0.00     0.83
  02-Dec-66      336     0.43     0.00     0.43
  03-Dec-66      337     5.63     0.00     5.63
  04-Dec-66      338     7.29     0.00     7.29
  05-Dec-66      339     5.25     0.00     5.25
  06-Dec-66      340     2.17     0.00     2.17
  07-Dec-66      341     7.06     0.00     7.06
  08-Dec-66      342     6.68     0.00     6.68
  09-Dec-66      343    12.92     0.00    12.92
  10-Dec-66      344    15.71     4.79    20.50
  11-Dec-66      345     3.00     1.21     4.21
  12-Dec-66      346     0.96     4.08     5.04
  13-Dec-66      347     5.27     1.48     6.75
  14-Dec-66      348     0.38     0.50     0.88
  15-Dec-66      349     9.04     0.00     9.04
  16-Dec-66      350     1.46     0.00     1.46
  17-Dec-66      351    17.13     0.92    18.04
  18-Dec-66      352     3.98     0.00     3.98
  19-Dec-66      353     1.11     0.00     1.11
  20-Dec-66      354     2.84     0.00     2.84
  21-Dec-66      355     3.45     0.00     3.45
  22-Dec-66      356     7.88     0.00     7.88
  23-Dec-66      357     9.67     0.75    10.42
  24-Dec-66      358     5.21     0.00     5.21
  25-Dec-66      359    12.48     0.43    12.91
  26-Dec-66      360     0.00     0.34     0.34
  27-Dec-66      361     1.21     0.28     1.49
  28-Dec-66      362     4.50     0.00     4.50
  29-Dec-66      363     1.05     0.00     1.05
  30-Dec-66      364     3.00     1.42     4.42
  31-Dec-66      365     2.14     4.83     6.97