
            DAILY SOLAR FLARE INDEX
           01 JAN 1980 - 31 DEC 1980
________________________________________________

  TIME (DAY)            NORTH    SOUTH    TOTAL
================================================
  01-Jan-80     5114     3.71     3.17     6.88
  02-Jan-80     5115     1.59     4.08     5.67
  03-Jan-80     5116     2.81     2.73     5.54
  04-Jan-80     5117     9.60     1.00    10.61
  05-Jan-80     5118    11.08    17.66    28.73
  06-Jan-80     5119    12.05    14.73    26.78
  07-Jan-80     5120     4.40    11.56    15.96
  08-Jan-80     5121    12.54    10.79    23.33
  09-Jan-80     5122    14.16    20.17    34.33
  10-Jan-80     5123    13.87    15.64    29.51
  11-Jan-80     5124     4.89     6.97    11.86
  12-Jan-80     5125     9.04     9.63    18.67
  13-Jan-80     5126    28.85     9.68    38.53
  14-Jan-80     5127    10.02     8.25    18.27
  15-Jan-80     5128     5.02     0.00     5.02
  16-Jan-80     5129     8.08     7.48    15.56
  17-Jan-80     5130     2.21     5.50     7.71
  18-Jan-80     5131     2.44     1.21     3.65
  19-Jan-80     5132     4.57     2.93     7.50
  20-Jan-80     5133     1.52     5.29     6.81
  21-Jan-80     5134     4.06     2.13     6.19
  22-Jan-80     5135     0.31     7.65     7.96
  23-Jan-80     5136     3.25    22.31    25.56
  24-Jan-80     5137     7.13    17.08    24.21
  25-Jan-80     5138    15.26    40.98    56.24
  26-Jan-80     5139     9.53     4.22    13.75
  27-Jan-80     5140    13.66     3.24    16.90
  28-Jan-80     5141    11.42    10.28    21.70
  29-Jan-80     5142    12.20     4.45    16.65
  30-Jan-80     5143     4.39     4.32     8.71
  31-Jan-80     5144     3.69     6.44    10.13
  01-Feb-80     5145     7.29    14.98    22.26
  02-Feb-80     5146     7.31     5.00    12.31
  03-Feb-80     5147     6.83    10.07    16.90
  04-Feb-80     5148    22.06     3.02    25.09
  05-Feb-80     5149     3.01    10.23    13.24
  06-Feb-80     5150     5.47    31.68    37.15
  07-Feb-80     5151    16.53    14.02    30.55
  08-Feb-80     5152     6.23     9.15    15.38
  09-Feb-80     5153     5.28     5.54    10.82
  10-Feb-80     5154     9.41     8.83    18.24
  11-Feb-80     5155    13.90     4.56    18.46
  12-Feb-80     5156    19.52     6.13    25.65
  13-Feb-80     5157     6.43    24.85    31.28
  14-Feb-80     5158     1.81     3.37     5.18
  15-Feb-80     5159     0.95    14.18    15.13
  16-Feb-80     5160     1.67     5.24     6.91
  17-Feb-80     5161     3.68     2.03     5.71
  18-Feb-80     5162     3.63     2.49     6.12
  19-Feb-80     5163     1.97     6.69     8.66
  20-Feb-80     5164     4.63    12.95    17.58
  21-Feb-80     5165     1.34     5.09     6.43
  22-Feb-80     5166     3.85     3.48     7.33
  23-Feb-80     5167     1.75     4.52     6.27
  24-Feb-80     5168     1.48     2.50     3.98
  25-Feb-80     5169     5.81     6.92    12.73
  26-Feb-80     5170     1.23     6.67     7.90
  27-Feb-80     5171     3.29    11.56    14.85
  28-Feb-80     5172     3.42     4.94     8.35
  29-Feb-80     5173     6.77    10.02    16.79
  01-Mar-80     5174     3.85    13.59    17.44
  02-Mar-80     5175     6.16     3.26     9.42
  03-Mar-80     5176     0.00     8.85     8.85
  04-Mar-80     5177     3.57     7.35    10.92
  05-Mar-80     5178     2.70     5.02     7.72
  06-Mar-80     5179     3.90     3.00     6.90
  07-Mar-80     5180     6.73     3.93    10.66
  08-Mar-80     5181     1.40     1.99     3.39
  09-Mar-80     5182     1.85     0.86     2.70
  10-Mar-80     5183     0.00     2.63     2.63
  11-Mar-80     5184     0.00     4.31     4.31
  12-Mar-80     5185     0.00     3.14     3.14
  13-Mar-80     5186     0.27     6.02     6.29
  14-Mar-80     5187     0.13     2.51     2.64
  15-Mar-80     5188     2.38     4.71     7.08
  16-Mar-80     5189     0.53     0.18     0.71
  17-Mar-80     5190     0.00     1.65     1.65
  18-Mar-80     5191     1.47     6.68     8.15
  19-Mar-80     5192     1.84    16.50    18.35
  20-Mar-80     5193     2.12     8.28    10.39
  21-Mar-80     5194     0.26     6.08     6.34
  22-Mar-80     5195     0.74     3.80     4.54
  23-Mar-80     5196     1.05    11.28    12.32
  24-Mar-80     5197     9.69     9.24    18.93
  25-Mar-80     5198     8.44    11.66    20.10
  26-Mar-80     5199    12.51     5.36    17.88
  27-Mar-80     5200    11.23     4.39    15.61
  28-Mar-80     5201    18.53     4.81    23.34
  29-Mar-80     5202    19.37     2.01    21.38
  30-Mar-80     5203    10.35     2.15    12.50
  31-Mar-80     5204     7.38     2.83    10.21
  01-Apr-80     5205     5.94     1.82     7.77
  02-Apr-80     5206    17.33     2.29    19.62
  03-Apr-80     5207    21.79     2.71    24.50
  04-Apr-80     5208    14.96     3.10    18.06
  05-Apr-80     5209    15.07     6.95    22.01
  06-Apr-80     5210    16.67     1.84    18.50
  07-Apr-80     5211    41.47     3.38    44.85
  08-Apr-80     5212    16.99     6.38    23.36
  09-Apr-80     5213     7.21     5.69    12.90
  10-Apr-80     5214    13.85    15.02    28.88
  11-Apr-80     5215    16.67    20.96    37.63
  12-Apr-80     5216    12.44    19.92    32.35
  13-Apr-80     5217    19.90    18.23    38.13
  14-Apr-80     5218     6.15    12.83    18.98
  15-Apr-80     5219     5.63     7.17    12.79
  16-Apr-80     5220    16.88     8.48    25.35
  17-Apr-80     5221     6.33     2.81     9.15
  18-Apr-80     5222     4.55     2.06     6.62
  19-Apr-80     5223     1.61     2.47     4.08
  20-Apr-80     5224     9.39     0.47     9.86
  21-Apr-80     5225     5.37     7.10    12.47
  22-Apr-80     5226     6.24     6.41    12.65
  23-Apr-80     5227     1.58     9.59    11.17
  24-Apr-80     5228     6.36    16.47    22.82
  25-Apr-80     5229     9.73     9.60    19.32
  26-Apr-80     5230     7.53    13.17    20.71
  27-Apr-80     5231     4.89    10.30    15.19
  28-Apr-80     5232     1.96    12.42    14.38
  29-Apr-80     5233     4.25    23.24    27.49
  30-Apr-80     5234     2.81    13.96    16.77
  01-May-80     5235     3.29    16.08    19.37
  02-May-80     5236     3.33    10.46    13.79
  03-May-80     5237     3.04    10.85    13.89
  04-May-80     5238     0.67    10.06    10.73
  05-May-80     5239     2.00    11.12    13.12
  06-May-80     5240     0.69    11.15    11.83
  07-May-80     5241     6.43     4.83    11.26
  08-May-80     5242     4.92     5.06     9.98
  09-May-80     5243     1.09    10.64    11.73
  10-May-80     5244     2.92     7.13    10.04
  11-May-80     5245     0.00    10.61    10.61
  12-May-80     5246     1.48     7.98     9.46
  13-May-80     5247     0.00     7.37     7.37
  14-May-80     5248     0.63     9.26     9.89
  15-May-80     5249     1.65     8.42    10.07
  16-May-80     5250     4.46    14.90    19.35
  17-May-80     5251    15.48    21.08    36.56
  18-May-80     5252     5.59     3.88     9.47
  19-May-80     5253     5.13     8.67    13.80
  20-May-80     5254     0.45     3.22     3.66
  21-May-80     5255     0.33    12.28    12.61
  22-May-80     5256    19.55     3.74    23.29
  23-May-80     5257     0.29     6.49     6.79
  24-May-80     5258     9.14    14.06    23.20
  25-May-80     5259     4.02     8.82    12.84
  26-May-80     5260     1.99    11.52    13.51
  27-May-80     5261     1.09     9.73    10.82
  28-May-80     5262     7.10    23.28    30.38
  29-May-80     5263     3.73    11.99    15.72
  30-May-80     5264     0.71     7.08     7.79
  31-May-80     5265     0.00     8.67     8.67
  01-Jun-80     5266     0.38    10.66    11.04
  02-Jun-80     5267     0.46    19.23    19.69
  03-Jun-80     5268     0.60    14.44    15.04
  04-Jun-80     5269     1.56    18.52    20.08
  05-Jun-80     5270     2.72    11.81    14.54
  06-Jun-80     5271     4.35    10.56    14.92
  07-Jun-80     5272    12.85     5.11    17.95
  08-Jun-80     5273     5.77     6.60    12.38
  09-Jun-80     5274     1.69     7.12     8.81
  10-Jun-80     5275     3.36     7.35    10.71
  11-Jun-80     5276     2.63     4.46     7.08
  12-Jun-80     5277    13.48     5.19    18.67
  13-Jun-80     5278    10.63    10.81    21.44
  14-Jun-80     5279    13.06    13.77    26.83
  15-Jun-80     5280     3.83     6.10     9.94
  16-Jun-80     5281     0.35     5.46     5.81
  17-Jun-80     5282     1.65     5.40     7.04
  18-Jun-80     5283     1.42     6.48     7.90
  19-Jun-80     5284     3.50    31.85    35.35
  20-Jun-80     5285     3.08    26.81    29.90
  21-Jun-80     5286     3.49    22.46    25.95
  22-Jun-80     5287     6.21    15.67    21.88
  23-Jun-80     5288    18.81    28.44    47.25
  24-Jun-80     5289     6.85    22.83    29.69
  25-Jun-80     5290     4.29    26.10    30.40
  26-Jun-80     5291     2.65    11.58    14.23
  27-Jun-80     5292     4.40    12.40    16.79
  28-Jun-80     5293     3.33    11.20    14.53
  29-Jun-80     5294     0.94     3.87     4.81
  30-Jun-80     5295     1.23    23.23    24.46
  01-Jul-80     5296     0.40     6.12     6.52
  02-Jul-80     5297     0.56     2.82     3.38
  03-Jul-80     5298     0.00     5.69     5.69
  04-Jul-80     5299     2.14     3.69     5.83
  05-Jul-80     5300    12.17     0.99    13.15
  06-Jul-80     5301     6.77     0.00     6.77
  07-Jul-80     5302     8.94     1.06    10.00
  08-Jul-80     5303     9.12     0.79     9.91
  09-Jul-80     5304     5.56     3.92     9.48
  10-Jul-80     5305     7.35     7.63    14.98
  11-Jul-80     5306     4.10    16.32    20.42
  12-Jul-80     5307    13.71    13.02    26.73
  13-Jul-80     5308     0.67    20.10    20.77
  14-Jul-80     5309     0.99     6.70     7.68
  15-Jul-80     5310     1.65     6.17     7.81
  16-Jul-80     5311     5.88     6.55    12.43
  17-Jul-80     5312     6.46    19.28    25.74
  18-Jul-80     5313     6.96    23.27    30.23
  19-Jul-80     5314     1.48    10.71    12.19
  20-Jul-80     5315     2.40    23.90    26.29
  21-Jul-80     5316     3.02    21.51    24.53
  22-Jul-80     5317     0.92    13.25    14.17
  23-Jul-80     5318     1.26    38.51    39.77
  24-Jul-80     5319     3.44     9.27    12.71
  25-Jul-80     5320     2.73     7.64    10.37
  26-Jul-80     5321     2.76     9.49    12.26
  27-Jul-80     5322     1.81     5.79     7.60
  28-Jul-80     5323     0.33     3.41     3.74
  29-Jul-80     5324     0.38     9.29     9.67
  30-Jul-80     5325     3.17     4.69     7.85
  31-Jul-80     5326     5.55     1.80     7.34
  01-Aug-80     5327     1.25     2.48     3.73
  02-Aug-80     5328     3.25     1.63     4.88
  03-Aug-80     5329     2.24    18.42    20.66
  04-Aug-80     5330     3.50     2.61     6.10
  05-Aug-80     5331     0.78     2.25     3.03
  06-Aug-80     5332     4.45     0.57     5.02
  07-Aug-80     5333     2.38     4.35     6.73
  08-Aug-80     5334     0.38     4.81     5.19
  09-Aug-80     5335     8.15     8.74    16.89
  10-Aug-80     5336     1.83     9.72    11.55
  11-Aug-80     5337     2.41    21.30    23.72
  12-Aug-80     5338     3.85     8.90    12.75
  13-Aug-80     5339    32.97    20.41    53.38
  14-Aug-80     5340     7.31     9.17    16.48
  15-Aug-80     5341     7.85     8.98    16.83
  16-Aug-80     5342     5.32     4.68    10.00
  17-Aug-80     5343     5.52     4.21     9.72
  18-Aug-80     5344     8.25     4.67    12.92
  19-Aug-80     5345     5.19     7.93    13.12
  20-Aug-80     5346     6.84     9.00    15.84
  21-Aug-80     5347    17.73     1.40    19.13
  22-Aug-80     5348    21.54     0.82    22.36
  23-Aug-80     5349     8.00     0.56     8.56
  24-Aug-80     5350    20.16     0.43    20.59
  25-Aug-80     5351    23.21     0.86    24.07
  26-Aug-80     5352     9.05     6.15    15.20
  27-Aug-80     5353    20.02     4.98    25.00
  28-Aug-80     5354     8.29     4.34    12.63
  29-Aug-80     5355    11.79    10.54    22.33
  30-Aug-80     5356    17.73     5.04    22.77
  31-Aug-80     5357     5.82    18.05    23.87
  01-Sep-80     5358    15.50    12.20    27.70
  02-Sep-80     5359    16.93    12.78    29.72
  03-Sep-80     5360    13.33    15.51    28.84
  04-Sep-80     5361    12.03    17.53    29.56
  05-Sep-80     5362     8.86     2.97    11.83
  06-Sep-80     5363     6.44     4.88    11.32
  07-Sep-80     5364    12.19     3.48    15.67
  08-Sep-80     5365    14.60    12.02    26.63
  09-Sep-80     5366    11.05     3.02    14.07
  10-Sep-80     5367     5.31     3.86     9.17
  11-Sep-80     5368    10.23    16.58    26.81
  12-Sep-80     5369    11.95     5.17    17.12
  13-Sep-80     5370     5.58     2.81     8.38
  14-Sep-80     5371     4.03     1.99     6.02
  15-Sep-80     5372     2.90     1.59     4.49
  16-Sep-80     5373     7.49     5.59    13.08
  17-Sep-80     5374     2.46    10.77    13.23
  18-Sep-80     5375     2.71     9.81    12.52
  19-Sep-80     5376     4.35     9.15    13.50
  20-Sep-80     5377     5.52    15.63    21.15
  21-Sep-80     5378     4.58     3.62     8.20
  22-Sep-80     5379     9.42     1.47    10.88
  23-Sep-80     5380    13.01     3.47    16.48
  24-Sep-80     5381     8.38     6.73    15.10
  25-Sep-80     5382     7.56    12.06    19.62
  26-Sep-80     5383     4.81     6.30    11.11
  27-Sep-80     5384     4.69    13.40    18.10
  28-Sep-80     5385     8.81     2.53    11.35
  29-Sep-80     5386     2.65     7.73    10.38
  30-Sep-80     5387    23.10     2.63    25.73
  01-Oct-80     5388    13.06     0.35    13.42
  02-Oct-80     5389     5.19     2.23     7.42
  03-Oct-80     5390    12.92     7.94    20.85
  04-Oct-80     5391     5.19     0.87     6.06
  05-Oct-80     5392     9.60     3.35    12.94
  06-Oct-80     5393     5.04     4.29     9.33
  07-Oct-80     5394    14.42     1.02    15.44
  08-Oct-80     5395    16.73    10.50    27.23
  09-Oct-80     5396     7.58    12.94    20.52
  10-Oct-80     5397     8.16    16.13    24.29
  11-Oct-80     5398     6.02    22.25    28.26
  12-Oct-80     5399    13.35     6.33    19.69
  13-Oct-80     5400    15.94     9.90    25.83
  14-Oct-80     5401     9.52    26.49    36.01
  15-Oct-80     5402    33.82     7.94    41.75
  16-Oct-80     5403     9.33    16.54    25.88
  17-Oct-80     5404     0.53    18.80    19.33
  18-Oct-80     5405     0.29    17.35    17.65
  19-Oct-80     5406     1.40    11.26    12.66
  20-Oct-80     5407     1.62     6.68     8.30
  21-Oct-80     5408     9.15     5.44    14.58
  22-Oct-80     5409    10.02    10.49    20.51
  23-Oct-80     5410     5.50     3.62     9.12
  24-Oct-80     5411     4.60     3.77     8.38
  25-Oct-80     5412     9.62     2.99    12.61
  26-Oct-80     5413     0.50     7.47     7.97
  27-Oct-80     5414     9.38     8.15    17.52
  28-Oct-80     5415    10.40    12.77    23.17
  29-Oct-80     5416    11.58     3.94    15.52
  30-Oct-80     5417     7.56     8.06    15.63
  31-Oct-80     5418    21.77     3.42    25.19
  01-Nov-80     5419    21.61     8.02    29.63
  02-Nov-80     5420    18.42    11.15    29.57
  03-Nov-80     5421    22.02     0.77    22.79
  04-Nov-80     5422    18.02     1.54    19.56
  05-Nov-80     5423    18.74    25.04    43.78
  06-Nov-80     5424    27.43    64.43    91.86
  07-Nov-80     5425    34.79    25.46    60.25
  08-Nov-80     5426    29.54    14.28    43.83
  09-Nov-80     5427    11.44    23.53    34.97
  10-Nov-80     5428    22.28    31.76    54.04
  11-Nov-80     5429    24.30    36.42    60.73
  12-Nov-80     5430    11.29    24.35    35.65
  13-Nov-80     5431     2.83    21.77    24.60
  14-Nov-80     5432     5.21    33.04    38.25
  15-Nov-80     5433     3.13    13.71    16.83
  16-Nov-80     5434    20.62    17.57    38.19
  17-Nov-80     5435    20.03     8.27    28.30
  18-Nov-80     5436    20.94     1.81    22.76
  19-Nov-80     5437    31.75     1.19    32.94
  20-Nov-80     5438    20.73     1.23    21.96
  21-Nov-80     5439    14.60     0.63    15.23
  22-Nov-80     5440    20.81     4.63    25.44
  23-Nov-80     5441    22.00     0.94    22.94
  24-Nov-80     5442    19.19     7.86    27.05
  25-Nov-80     5443    11.24     3.53    14.77
  26-Nov-80     5444     8.79     0.27     9.06
  27-Nov-80     5445     5.63     8.66    14.29
  28-Nov-80     5446     3.77     9.32    13.09
  29-Nov-80     5447    11.36     2.15    13.52
  30-Nov-80     5448     7.84     8.23    16.07
  01-Dec-80     5449     5.40     5.63    11.02
  02-Dec-80     5450     5.56    26.46    32.02
  03-Dec-80     5451     4.36     8.20    12.55
  04-Dec-80     5452     2.60     7.40    10.00
  05-Dec-80     5453     0.54    12.21    12.75
  06-Dec-80     5454     0.29     6.24     6.53
  07-Dec-80     5455    11.99     7.71    19.71
  08-Dec-80     5456     8.17     5.91    14.09
  09-Dec-80     5457     5.88    24.73    30.60
  10-Dec-80     5458     5.42     8.52    13.94
  11-Dec-80     5459     0.82     0.00     0.82
  12-Dec-80     5460     0.75     3.25     3.99
  13-Dec-80     5461     9.48     9.98    19.45
  14-Dec-80     5462    21.34     5.63    26.97
  15-Dec-80     5463    18.87     6.04    24.91
  16-Dec-80     5464    16.94     1.46    18.40
  17-Dec-80     5465    26.90     5.15    32.05
  18-Dec-80     5466    23.31     4.28    27.59
  19-Dec-80     5467    21.24     7.92    29.16
  20-Dec-80     5468     6.08     7.89    13.97
  21-Dec-80     5469     7.40     3.27    10.67
  22-Dec-80     5470     5.89     4.88    10.77
  23-Dec-80     5471     6.69     4.00    10.69
  24-Dec-80     5472     7.66     2.70    10.36
  25-Dec-80     5473     6.75     2.10     8.85
  26-Dec-80     5474     3.21     5.29     8.50
  27-Dec-80     5475     5.06     7.92    12.99
  28-Dec-80     5476     6.11     7.58    13.70
  29-Dec-80     5477     3.04    11.46    14.50
  30-Dec-80     5478     3.56    10.40    13.96
  31-Dec-80     5479     3.19    19.55    22.74