
            DAILY SOLAR FLARE INDEX
           01 JAN 1976 - 31 DEC 1976
________________________________________________

  TIME (DAY)            NORTH    SOUTH    TOTAL
================================================
  01-Jan-76     3653     0.00     0.10     0.10
  02-Jan-76     3654     0.00     0.00     0.00
  03-Jan-76     3655     0.00     0.00     0.00
  04-Jan-76     3656     0.00     0.00     0.00
  05-Jan-76     3657     0.53     0.00     0.53
  06-Jan-76     3658     0.00     0.00     0.00
  07-Jan-76     3659     0.00     0.00     0.00
  08-Jan-76     3660     0.00     0.00     0.00
  09-Jan-76     3661     0.00     0.00     0.00
  10-Jan-76     3662     0.00     0.00     0.00
  11-Jan-76     3663     0.00     5.30     5.30
  12-Jan-76     3664     0.00     9.95     9.95
  13-Jan-76     3665     0.00     1.08     1.08
  14-Jan-76     3666     0.00     4.00     4.00
  15-Jan-76     3667     0.00     1.42     1.42
  16-Jan-76     3668     0.00     0.31     0.31
  17-Jan-76     3669     0.00     0.60     0.60
  18-Jan-76     3670     0.00     1.32     1.32
  19-Jan-76     3671     0.00     2.72     2.72
  20-Jan-76     3672     0.00     1.18     1.18
  21-Jan-76     3673     0.00     0.23     0.23
  22-Jan-76     3674     0.00     0.00     0.00
  23-Jan-76     3675     0.00     0.00     0.00
  24-Jan-76     3676     0.00     0.00     0.00
  25-Jan-76     3677     0.00     0.00     0.00
  26-Jan-76     3678     0.00     0.00     0.00
  27-Jan-76     3679     0.00     0.00     0.00
  28-Jan-76     3680     1.21     0.49     1.70
  29-Jan-76     3681     0.41     0.00     0.41
  30-Jan-76     3682     0.12     0.00     0.12
  31-Jan-76     3683     0.00     0.00     0.00
  01-Feb-76     3684     0.00     0.12     0.12
  02-Feb-76     3685     0.00     0.32     0.32
  03-Feb-76     3686     0.00     0.00     0.00
  04-Feb-76     3687     0.00     0.00     0.00
  05-Feb-76     3688     0.00     0.00     0.00
  06-Feb-76     3689     0.00     0.00     0.00
  07-Feb-76     3690     0.00     0.00     0.00
  08-Feb-76     3691     0.00     0.00     0.00
  09-Feb-76     3692     0.00     0.00     0.00
  10-Feb-76     3693     0.19     0.00     0.19
  11-Feb-76     3694     0.00     0.00     0.00
  12-Feb-76     3695     0.00     0.38     0.38
  13-Feb-76     3696     0.00     0.37     0.37
  14-Feb-76     3697     0.00     0.09     0.09
  15-Feb-76     3698     0.00     0.18     0.18
  16-Feb-76     3699     0.00     1.15     1.15
  17-Feb-76     3700     0.00     0.18     0.18
  18-Feb-76     3701     0.00     0.00     0.00
  19-Feb-76     3702     0.00     0.00     0.00
  20-Feb-76     3703     0.00     1.03     1.03
  21-Feb-76     3704     0.00     0.34     0.34
  22-Feb-76     3705     0.00     0.00     0.00
  23-Feb-76     3706     0.00     0.00     0.00
  24-Feb-76     3707     0.00     0.00     0.00
  25-Feb-76     3708     0.00     0.27     0.27
  26-Feb-76     3709     0.96     0.00     0.96
  27-Feb-76     3710     0.00     0.00     0.00
  28-Feb-76     3711     0.00     0.00     0.00
  29-Feb-76     3712     0.00     0.00     0.00
  01-Mar-76     3713     0.00     0.00     0.00
  02-Mar-76     3714     0.00     0.00     0.00
  03-Mar-76     3715     0.00     0.00     0.00
  04-Mar-76     3716     0.00     0.00     0.00
  05-Mar-76     3717     0.00     0.00     0.00
  06-Mar-76     3718     0.00     0.00     0.00
  07-Mar-76     3719     0.00     1.08     1.08
  08-Mar-76     3720     0.00     1.17     1.17
  09-Mar-76     3721     0.00     0.50     0.50
  10-Mar-76     3722     0.00     0.00     0.00
  11-Mar-76     3723     0.00     0.42     0.42
  12-Mar-76     3724     0.00     0.00     0.00
  13-Mar-76     3725     0.00     0.29     0.29
  14-Mar-76     3726     0.00     0.38     0.38
  15-Mar-76     3727     0.00     0.00     0.00
  16-Mar-76     3728     2.56     0.17     2.73
  17-Mar-76     3729     1.42     0.50     1.92
  18-Mar-76     3730     2.64     0.00     2.64
  19-Mar-76     3731     0.92     0.00     0.92
  20-Mar-76     3732     3.92     0.00     3.92
  21-Mar-76     3733    10.55     0.00    10.55
  22-Mar-76     3734     2.75     0.00     2.75
  23-Mar-76     3735     1.63     0.88     2.50
  24-Mar-76     3736     2.44     1.30     3.74
  25-Mar-76     3737     0.26     9.52     9.78
  26-Mar-76     3738     0.00     5.59     5.59
  27-Mar-76     3739     0.00     6.04     6.04
  28-Mar-76     3740     1.42    11.33    12.75
  29-Mar-76     3741     1.54     4.70     6.24
  30-Mar-76     3742     0.92     2.58     3.50
  31-Mar-76     3743     0.75     9.92    10.67
  01-Apr-76     3744     0.00     1.11     1.11
  02-Apr-76     3745     0.00     3.17     3.17
  03-Apr-76     3746     0.00     1.17     1.17
  04-Apr-76     3747     0.00     0.00     0.00
  05-Apr-76     3748     0.00     0.21     0.21
  06-Apr-76     3749     0.00     0.18     0.18
  07-Apr-76     3750     0.00     0.00     0.00
  08-Apr-76     3751     0.00     0.00     0.00
  09-Apr-76     3752     1.32     0.00     1.32
  10-Apr-76     3753     0.00     0.00     0.00
  11-Apr-76     3754     0.35     0.00     0.35
  12-Apr-76     3755     0.00     0.00     0.00
  13-Apr-76     3756     0.00     0.00     0.00
  14-Apr-76     3757     1.90     0.66     2.57
  15-Apr-76     3758     0.00     0.00     0.00
  16-Apr-76     3759     0.89     0.00     0.89
  17-Apr-76     3760     0.00     0.51     0.51
  18-Apr-76     3761     0.04     0.00     0.04
  19-Apr-76     3762     0.26     0.00     0.26
  20-Apr-76     3763     4.42     0.00     4.42
  21-Apr-76     3764     0.43     0.00     0.43
  22-Apr-76     3765     0.00     1.50     1.50
  23-Apr-76     3766     0.00     0.00     0.00
  24-Apr-76     3767     0.00     0.00     0.00
  25-Apr-76     3768     0.44     0.57     1.01
  26-Apr-76     3769     0.00     0.00     0.00
  27-Apr-76     3770     0.00     0.27     0.27
  28-Apr-76     3771     0.43     0.61     1.04
  29-Apr-76     3772     1.33     4.13     5.46
  30-Apr-76     3773     0.00     5.42     5.42
  01-May-76     3774     0.00     1.56     1.56
  02-May-76     3775     0.00     0.00     0.00
  03-May-76     3776     0.00     0.00     0.00
  04-May-76     3777     2.86     0.00     2.86
  05-May-76     3778     1.84     0.00     1.84
  06-May-76     3779     0.00     0.00     0.00
  07-May-76     3780     0.21     0.00     0.21
  08-May-76     3781     0.00     0.00     0.00
  09-May-76     3782     0.00     0.00     0.00
  10-May-76     3783     0.00     0.00     0.00
  11-May-76     3784     0.00     0.00     0.00
  12-May-76     3785     0.00     0.00     0.00
  13-May-76     3786     0.44     0.18     0.62
  14-May-76     3787     0.00     0.00     0.00
  15-May-76     3788     0.00     4.98     4.98
  16-May-76     3789     0.00     1.13     1.13
  17-May-76     3790     0.00     0.45     0.45
  18-May-76     3791     0.00     2.13     2.13
  19-May-76     3792     0.33     0.00     0.33
  20-May-76     3793     0.00     0.00     0.00
  21-May-76     3794     0.00     3.09     3.09
  22-May-76     3795     0.00     1.15     1.15
  23-May-76     3796     0.00     0.69     0.69
  24-May-76     3797     0.00     0.00     0.00
  25-May-76     3798     0.00     0.00     0.00
  26-May-76     3799     0.00     1.81     1.81
  27-May-76     3800     0.00     0.00     0.00
  28-May-76     3801     0.14     0.00     0.14
  29-May-76     3802     0.00     0.00     0.00
  30-May-76     3803     0.00     0.00     0.00
  31-May-76     3804     0.00     0.00     0.00
  01-Jun-76     3805     0.00     0.00     0.00
  02-Jun-76     3806     0.00     0.00     0.00
  03-Jun-76     3807     0.00     0.00     0.00
  04-Jun-76     3808     0.00     0.00     0.00
  05-Jun-76     3809     0.00     0.00     0.00
  06-Jun-76     3810     0.00     0.00     0.00
  07-Jun-76     3811     0.00     0.00     0.00
  08-Jun-76     3812     0.00     1.38     1.38
  09-Jun-76     3813     0.00     0.38     0.38
  10-Jun-76     3814     0.00     1.25     1.25
  11-Jun-76     3815     0.00     0.90     0.90
  12-Jun-76     3816     0.00     0.63     0.63
  13-Jun-76     3817     0.00     0.00     0.00
  14-Jun-76     3818     0.48     0.00     0.48
  15-Jun-76     3819     2.11     0.00     2.11
  16-Jun-76     3820     2.69     1.07     3.76
  17-Jun-76     3821     4.67     0.00     4.67
  18-Jun-76     3822     2.79     0.00     2.79
  19-Jun-76     3823     0.29     0.00     0.29
  20-Jun-76     3824     1.44     0.00     1.44
  21-Jun-76     3825     0.22     0.00     0.22
  22-Jun-76     3826     0.87     0.70     1.57
  23-Jun-76     3827     0.00     0.19     0.19
  24-Jun-76     3828     0.00     0.00     0.00
  25-Jun-76     3829     0.00     0.19     0.19
  26-Jun-76     3830     0.28     0.00     0.28
  27-Jun-76     3831     0.00     0.00     0.00
  28-Jun-76     3832     0.00     0.00     0.00
  29-Jun-76     3833     0.00     0.00     0.00
  30-Jun-76     3834     0.00     0.00     0.00
  01-Jul-76     3835     0.00     0.00     0.00
  02-Jul-76     3836     0.00     0.00     0.00
  03-Jul-76     3837     0.00     0.00     0.00
  04-Jul-76     3838     0.00     0.00     0.00
  05-Jul-76     3839     0.00     0.00     0.00
  06-Jul-76     3840     0.00     0.00     0.00
  07-Jul-76     3841     0.00     0.00     0.00
  08-Jul-76     3842     0.00     0.00     0.00
  09-Jul-76     3843     0.00     0.00     0.00
  10-Jul-76     3844     0.00     0.00     0.00
  11-Jul-76     3845     0.00     0.00     0.00
  12-Jul-76     3846     0.00     0.00     0.00
  13-Jul-76     3847     1.19     0.00     1.19
  14-Jul-76     3848     0.42     0.00     0.42
  15-Jul-76     3849     0.25     0.00     0.25
  16-Jul-76     3850     1.54     0.00     1.54
  17-Jul-76     3851     0.00     0.00     0.00
  18-Jul-76     3852     0.00     0.00     0.00
  19-Jul-76     3853     0.00     0.00     0.00
  20-Jul-76     3854     0.00     0.00     0.00
  21-Jul-76     3855     0.00     0.00     0.00
  22-Jul-76     3856     0.00     0.00     0.00
  23-Jul-76     3857     0.00     0.00     0.00
  24-Jul-76     3858     0.00     0.14     0.14
  25-Jul-76     3859     0.00     0.00     0.00
  26-Jul-76     3860     0.00     0.00     0.00
  27-Jul-76     3861     0.00     0.00     0.00
  28-Jul-76     3862     0.00     0.00     0.00
  29-Jul-76     3863     0.00     0.00     0.00
  30-Jul-76     3864     0.00     0.00     0.00
  31-Jul-76     3865     0.00     0.00     0.00
  01-Aug-76     3866     0.79     0.00     0.79
  02-Aug-76     3867     0.52     0.00     0.52
  03-Aug-76     3868     0.00     0.00     0.00
  04-Aug-76     3869     0.73     0.00     0.73
  05-Aug-76     3870     1.81     0.52     2.33
  06-Aug-76     3871     2.44     0.00     2.44
  07-Aug-76     3872     1.50     0.00     1.50
  08-Aug-76     3873     0.48     0.00     0.48
  09-Aug-76     3874     0.11     0.00     0.11
  10-Aug-76     3875     0.36     0.00     0.36
  11-Aug-76     3876     0.00     0.00     0.00
  12-Aug-76     3877     0.00     0.00     0.00
  13-Aug-76     3878     1.06     0.00     1.06
  14-Aug-76     3879     0.00     0.00     0.00
  15-Aug-76     3880     0.00     0.73     0.73
  16-Aug-76     3881     0.00     0.22     0.22
  17-Aug-76     3882     0.00     0.32     0.32
  18-Aug-76     3883     0.00     1.42     1.42
  19-Aug-76     3884     0.00     1.18     1.18
  20-Aug-76     3885     0.00     0.42     0.42
  21-Aug-76     3886     0.00     0.69     0.69
  22-Aug-76     3887     0.00     3.44     3.44
  23-Aug-76     3888     0.00     0.00     0.00
  24-Aug-76     3889     0.00     0.00     0.00
  25-Aug-76     3890     0.00     0.10     0.10
  26-Aug-76     3891     0.00     0.00     0.00
  27-Aug-76     3892     0.00     0.00     0.00
  28-Aug-76     3893     0.00     0.00     0.00
  29-Aug-76     3894     0.00     0.00     0.00
  30-Aug-76     3895     0.00     0.00     0.00
  31-Aug-76     3896     0.85     0.00     0.85
  01-Sep-76     3897     4.26     0.00     4.26
  02-Sep-76     3898     0.54     0.00     0.54
  03-Sep-76     3899     4.33     0.00     4.33
  04-Sep-76     3900     3.35     0.00     3.35
  05-Sep-76     3901     0.00     0.00     0.00
  06-Sep-76     3902     1.25     0.00     1.25
  07-Sep-76     3903     0.35     0.00     0.35
  08-Sep-76     3904     0.35     1.35     1.70
  09-Sep-76     3905     0.00     0.14     0.14
  10-Sep-76     3906     0.00     4.20     4.20
  11-Sep-76     3907     0.00     0.00     0.00
  12-Sep-76     3908     0.00     0.00     0.00
  13-Sep-76     3909     0.00     0.00     0.00
  14-Sep-76     3910     0.00     0.51     0.51
  15-Sep-76     3911     0.00     0.00     0.00
  16-Sep-76     3912     0.00     0.00     0.00
  17-Sep-76     3913     2.62     0.17     2.79
  18-Sep-76     3914     0.00     0.88     0.88
  19-Sep-76     3915     0.32     0.00     0.32
  20-Sep-76     3916     0.41     2.38     2.78
  21-Sep-76     3917     0.00     3.42     3.42
  22-Sep-76     3918     0.00     0.00     0.00
  23-Sep-76     3919     0.00     0.00     0.00
  24-Sep-76     3920     0.62     0.00     0.62
  25-Sep-76     3921     0.00     0.00     0.00
  26-Sep-76     3922     0.00     0.00     0.00
  27-Sep-76     3923     0.39     0.00     0.39
  28-Sep-76     3924     0.00     0.17     0.17
  29-Sep-76     3925     0.00     0.00     0.00
  30-Sep-76     3926     0.41     0.00     0.41
  01-Oct-76     3927     0.00     0.00     0.00
  02-Oct-76     3928     0.00     0.00     0.00
  03-Oct-76     3929     0.00     0.00     0.00
  04-Oct-76     3930     0.00     0.00     0.00
  05-Oct-76     3931     0.60     0.00     0.60
  06-Oct-76     3932     0.00     0.78     0.78
  07-Oct-76     3933     0.00     0.00     0.00
  08-Oct-76     3934     0.00     0.00     0.00
  09-Oct-76     3935     0.00     0.00     0.00
  10-Oct-76     3936     0.00     0.00     0.00
  11-Oct-76     3937     0.00     0.00     0.00
  12-Oct-76     3938     0.00     0.00     0.00
  13-Oct-76     3939     0.00     0.14     0.14
  14-Oct-76     3940     0.00     0.53     0.53
  15-Oct-76     3941     0.00     0.62     0.62
  16-Oct-76     3942     0.00     0.60     0.60
  17-Oct-76     3943     0.00     0.00     0.00
  18-Oct-76     3944     0.00     0.00     0.00
  19-Oct-76     3945     0.00     1.46     1.46
  20-Oct-76     3946     0.00     0.00     0.00
  21-Oct-76     3947     0.00     0.00     0.00
  22-Oct-76     3948     1.48     0.17     1.65
  23-Oct-76     3949     1.21     0.69     1.90
  24-Oct-76     3950     0.00     0.00     0.00
  25-Oct-76     3951     0.00     0.00     0.00
  26-Oct-76     3952     0.00     0.00     0.00
  27-Oct-76     3953     0.65     0.00     0.65
  28-Oct-76     3954     0.50     0.00     0.50
  29-Oct-76     3955     1.02     0.00     1.02
  30-Oct-76     3956     0.00     0.00     0.00
  31-Oct-76     3957     0.00     0.00     0.00
  01-Nov-76     3958     0.00     0.00     0.00
  02-Nov-76     3959     0.00     0.00     0.00
  03-Nov-76     3960     0.00     0.00     0.00
  04-Nov-76     3961     0.00     0.00     0.00
  05-Nov-76     3962     0.00     0.00     0.00
  06-Nov-76     3963     0.00     0.00     0.00
  07-Nov-76     3964     0.00     0.00     0.00
  08-Nov-76     3965     0.00     0.00     0.00
  09-Nov-76     3966     0.00     0.00     0.00
  10-Nov-76     3967     0.00     0.00     0.00
  11-Nov-76     3968     0.00     0.00     0.00
  12-Nov-76     3969     0.00     0.00     0.00
  13-Nov-76     3970     0.00     0.00     0.00
  14-Nov-76     3971     0.00     0.00     0.00
  15-Nov-76     3972     0.00     0.00     0.00
  16-Nov-76     3973     0.00     0.00     0.00
  17-Nov-76     3974     1.17     0.00     1.17
  18-Nov-76     3975     1.86     0.00     1.86
  19-Nov-76     3976     2.80     0.00     2.80
  20-Nov-76     3977     0.62     0.00     0.62
  21-Nov-76     3978     0.00     0.00     0.00
  22-Nov-76     3979     0.37     0.00     0.37
  23-Nov-76     3980     0.00     0.00     0.00
  24-Nov-76     3981     0.00     0.00     0.00
  25-Nov-76     3982     0.00     0.00     0.00
  26-Nov-76     3983     0.00     0.00     0.00
  27-Nov-76     3984     0.00     0.00     0.00
  28-Nov-76     3985     0.00     0.00     0.00
  29-Nov-76     3986     0.00     0.00     0.00
  30-Nov-76     3987     0.00     0.00     0.00
  01-Dec-76     3988     0.00     0.00     0.00
  02-Dec-76     3989     0.00     0.00     0.00
  03-Dec-76     3990     0.00     0.00     0.00
  04-Dec-76     3991     0.00     0.00     0.00
  05-Dec-76     3992     0.00     0.00     0.00
  06-Dec-76     3993     0.00     0.00     0.00
  07-Dec-76     3994     0.00     0.00     0.00
  08-Dec-76     3995     1.10     0.00     1.10
  09-Dec-76     3996     3.93     0.00     3.93
  10-Dec-76     3997     0.98     0.00     0.98
  11-Dec-76     3998     0.00     0.00     0.00
  12-Dec-76     3999     0.00     0.00     0.00
  13-Dec-76     4000     0.68     0.38     1.06
  14-Dec-76     4001     2.32     0.97     3.29
  15-Dec-76     4002     1.36     0.32     1.69
  16-Dec-76     4003     0.00     0.81     0.81
  17-Dec-76     4004     0.00     0.00     0.00
  18-Dec-76     4005     0.00     0.00     0.00
  19-Dec-76     4006     0.00     0.00     0.00
  20-Dec-76     4007     0.00     0.00     0.00
  21-Dec-76     4008     0.00     0.00     0.00
  22-Dec-76     4009     0.00     0.00     0.00
  23-Dec-76     4010     0.00     0.00     0.00
  24-Dec-76     4011     0.00     0.00     0.00
  25-Dec-76     4012     0.00     0.96     0.96
  26-Dec-76     4013     0.00     0.00     0.00
  27-Dec-76     4014     0.00     0.81     0.81
  28-Dec-76     4015     0.00     1.38     1.38
  29-Dec-76     4016     0.00     3.53     3.53
  30-Dec-76     4017     0.00     2.97     2.97
  31-Dec-76     4018     0.00     3.00     3.00