
            DAILY SOLAR FLARE INDEX
           01 JAN 2005 - 31 DEC 2005
________________________________________________

 TIME (DAY)            NORTH    SOUTH    TOTAL
================================================
01-Jan-2005    14246     0.10     0.00     0.10
02-Jan-2005    14247     0.49     0.00     0.49
03-Jan-2005    14248     1.62     0.00     1.62
04-Jan-2005    14249     6.22     0.00     6.22
05-Jan-2005    14250     0.00     0.00     0.00
06-Jan-2005    14251     0.00     0.00     0.00
07-Jan-2005    14252     0.00     0.00     0.00
08-Jan-2005    14253     0.00     0.00     0.00
09-Jan-2005    14254     0.00     3.61     3.61
10-Jan-2005    14255     0.00     0.00     0.00
11-Jan-2005    14256     0.00     0.00     0.00
12-Jan-2005    14257     0.26     0.12     0.38
13-Jan-2005    14258     0.13     2.71     2.84
14-Jan-2005    14259     6.63     3.17     9.80
15-Jan-2005    14260    40.40     3.35    43.75
16-Jan-2005    14261     6.81     0.00     6.81
17-Jan-2005    14262    33.60     0.00    33.60
18-Jan-2005    14263    14.81     0.00    14.81
19-Jan-2005    14264    20.30     0.25    20.54
20-Jan-2005    14265    23.75     0.00    23.75
21-Jan-2005    14266     0.54     0.00     0.54
22-Jan-2005    14267     0.00     0.00     0.00
23-Jan-2005    14268     0.00     0.00     0.00
24-Jan-2005    14269     0.00     0.00     0.00
25-Jan-2005    14270     0.00     0.00     0.00
26-Jan-2005    14271     0.00     0.00     0.00
27-Jan-2005    14272     0.00     0.00     0.00
28-Jan-2005    14273     0.00     0.00     0.00
29-Jan-2005    14274     0.00     0.00     0.00
30-Jan-2005    14275     0.00     0.00     0.00
31-Jan-2005    14276     0.00     0.09     0.09
01-Feb-2005    14277     0.00     0.00     0.00
02-Feb-2005    14278     0.00     0.00     0.00
03-Feb-2005    14279     0.00     0.00     0.00
04-Feb-2005    14280     0.00     0.00     0.00
05-Feb-2005    14281     0.00     0.00     0.00
06-Feb-2005    14282     0.00     0.00     0.00
07-Feb-2005    14283     0.00     0.00     0.00
08-Feb-2005    14284     0.00     0.00     0.00
09-Feb-2005    14285     0.00     0.00     0.00
10-Feb-2005    14286     0.00     0.00     0.00
11-Feb-2005    14287     0.00     0.00     0.00
12-Feb-2005    14288     0.00     0.00     0.00
13-Feb-2005    14289     0.00     1.36     1.36
14-Feb-2005    14290     0.00     0.00     0.00
15-Feb-2005    14291     0.00     1.16     1.16
16-Feb-2005    14292     0.00     3.80     3.80
17-Feb-2005    14293     0.00     0.00     0.00
18-Feb-2005    14294     0.00     0.29     0.29
19-Feb-2005    14295     0.00     0.00     0.00
20-Feb-2005    14296     0.00     0.00     0.00
21-Feb-2005    14297     0.00     0.00     0.00
22-Feb-2005    14298     0.00     0.00     0.00
23-Feb-2005    14299     0.00     0.00     0.00
24-Feb-2005    14300     0.00     0.00     0.00
25-Feb-2005    14301     0.00     0.00     0.00
26-Feb-2005    14302     0.00     0.00     0.00
27-Feb-2005    14303     0.00     0.00     0.00
28-Feb-2005    14304     0.00     0.00     0.00
01-Mar-2005    14305     0.00     0.00     0.00
02-Mar-2005    14306     0.00     0.00     0.00
03-Mar-2005    14307     0.00     0.00     0.00
04-Mar-2005    14308     0.00     0.00     0.00
05-Mar-2005    14309     0.00     0.00     0.00
06-Mar-2005    14310     0.58     0.00     0.58
07-Mar-2005    14311     0.00     0.00     0.00
08-Mar-2005    14312     0.00     0.00     0.00
09-Mar-2005    14313     1.16     0.00     1.16
10-Mar-2005    14314     0.00     0.00     0.00
11-Mar-2005    14315     0.00     0.00     0.00
12-Mar-2005    14316     0.76     0.00     0.76
13-Mar-2005    14317     0.30     0.86     1.16
14-Mar-2005    14318     0.00     0.81     0.81
15-Mar-2005    14319     0.15     0.00     0.15
16-Mar-2005    14320     0.00     0.37     0.37
17-Mar-2005    14321     0.00     1.68     1.68
18-Mar-2005    14322     0.00     0.44     0.44
19-Mar-2005    14323     0.00     0.51     0.51
20-Mar-2005    14324     0.00     0.16     0.16
21-Mar-2005    14325     0.00     0.27     0.27
22-Mar-2005    14326     0.00     0.00     0.00
23-Mar-2005    14327     0.00     0.00     0.00
24-Mar-2005    14328     0.94     0.00     0.94
25-Mar-2005    14329     0.33     0.00     0.33
26-Mar-2005    14330     0.00     0.00     0.00
27-Mar-2005    14331     0.00     0.00     0.00
28-Mar-2005    14332     0.00     0.00     0.00
29-Mar-2005    14333     0.00     0.00     0.00
30-Mar-2005    14334     0.00     0.00     0.00
31-Mar-2005    14335     0.00     0.00     0.00
01-Apr-2005    14336     0.00     0.00     0.00
02-Apr-2005    14337     0.00     0.00     0.00
03-Apr-2005    14338     0.00     0.00     0.00
04-Apr-2005    14339     0.00     0.00     0.00
05-Apr-2005    14340     0.00     0.15     0.15
06-Apr-2005    14341     0.00     0.09     0.09
07-Apr-2005    14342     0.00     0.00     0.00
08-Apr-2005    14343     0.00     0.00     0.00
09-Apr-2005    14344     0.00     0.00     0.00
10-Apr-2005    14345     0.00     0.00     0.00
11-Apr-2005    14346     0.00     0.00     0.00
12-Apr-2005    14347     0.18     0.00     0.18
13-Apr-2005    14348     0.00     0.00     0.00
14-Apr-2005    14349     0.00     0.00     0.00
15-Apr-2005    14350     0.00     0.00     0.00
16-Apr-2005    14351     0.00     0.00     0.00
17-Apr-2005    14352     0.14     0.47     0.61
18-Apr-2005    14353     0.29     0.00     0.29
19-Apr-2005    14354     0.00     0.00     0.00
20-Apr-2005    14355     0.00     0.00     0.00
21-Apr-2005    14356     0.00     0.00     0.00
22-Apr-2005    14357     0.00     0.00     0.00
23-Apr-2005    14358     0.00     0.00     0.00
24-Apr-2005    14359     0.00     0.00     0.00
25-Apr-2005    14360     0.00     0.00     0.00
26-Apr-2005    14361     0.00     0.56     0.56
27-Apr-2005    14362     0.00     0.00     0.00
28-Apr-2005    14363     0.00     0.00     0.00
29-Apr-2005    14364     0.00     0.47     0.47
30-Apr-2005    14365     0.00     0.00     0.00
01-May-2005    14366     0.00     0.42     0.42
02-May-2005    14367     0.00     0.00     0.00
03-May-2005    14368     0.00     0.00     0.00
04-May-2005    14369     0.00     1.47     1.47
05-May-2005    14370     0.00     0.36     0.36
06-May-2005    14371     0.00    15.95    15.95
07-May-2005    14372     0.00     0.00     0.00
08-May-2005    14373     0.00     0.00     0.00
09-May-2005    14374     0.19     0.00     0.19
10-May-2005    14375     2.56     1.26     3.82
11-May-2005    14376     4.93     4.42     9.35
12-May-2005    14377    33.44     2.44    35.88
13-May-2005    14378    24.16     0.00    24.16
14-May-2005    14379     0.00     0.70     0.70
15-May-2005    14380     0.00     0.42     0.42
16-May-2005    14381     1.41     6.95     8.36
17-May-2005    14382     0.20     6.86     7.06
18-May-2005    14383     0.00     0.46     0.46
19-May-2005    14384     0.00     0.00     0.00
20-May-2005    14385     0.00     0.00     0.00
21-May-2005    14386     0.00     0.00     0.00
22-May-2005    14387     0.00     0.00     0.00
23-May-2005    14388     0.00     0.00     0.00
24-May-2005    14389     0.45     0.32     0.77
25-May-2005    14390     0.00     0.00     0.00
26-May-2005    14391     0.00     3.88     3.88
27-May-2005    14392     0.00     8.75     8.75
28-May-2005    14393     0.00     0.72     0.72
29-May-2005    14394     0.00     0.00     0.00
30-May-2005    14395     0.00     0.00     0.00
31-May-2005    14396     0.00     0.00     0.00
01-Jun-2005    14397     0.00     1.37     1.37
02-Jun-2005    14398     0.00     0.14     0.14
03-Jun-2005    14399     0.00     4.62     4.62
04-Jun-2005    14400     0.00     2.12     2.12
05-Jun-2005    14401     0.00     0.33     0.33
06-Jun-2005    14402     0.00     4.71     4.71
07-Jun-2005    14403     0.20     0.49     0.69
08-Jun-2005    14404     0.00     2.22     2.22
09-Jun-2005    14405     0.36     0.19     0.56
10-Jun-2005    14406     0.00     0.06     0.06
11-Jun-2005    14407     0.00     0.00     0.00
12-Jun-2005    14408     2.87     0.64     3.51
13-Jun-2005    14409     0.00     0.00     0.00
14-Jun-2005    14410     3.95     0.17     4.12
15-Jun-2005    14411     0.00     0.20     0.20
16-Jun-2005    14412     0.20     0.37     0.57
17-Jun-2005    14413     0.00     0.00     0.00
18-Jun-2005    14414     0.00     1.02     1.02
19-Jun-2005    14415     0.00     0.26     0.26
20-Jun-2005    14416     0.00     0.00     0.00
21-Jun-2005    14417     0.00     0.44     0.44
22-Jun-2005    14418     0.00     0.39     0.39
23-Jun-2005    14419     0.00     0.00     0.00
24-Jun-2005    14420     0.00     0.00     0.00
25-Jun-2005    14421     0.00     0.49     0.49
26-Jun-2005    14422     0.00     0.00     0.00
27-Jun-2005    14423     0.11     0.00     0.11
28-Jun-2005    14424     0.12     0.00     0.12
29-Jun-2005    14425     0.00     0.00     0.00
30-Jun-2005    14426     0.00     0.00     0.00
01-Jul-2005    14427     0.00     0.00     0.00
02-Jul-2005    14428     0.35     1.83     2.19
03-Jul-2005    14429     0.00     1.10     1.10
04-Jul-2005    14430     0.00     0.21     0.21
05-Jul-2005    14431     0.22     1.58     1.80
06-Jul-2005    14432     1.96     0.00     1.96
07-Jul-2005    14433     4.14     0.00     4.14
08-Jul-2005    14434     0.05     1.05     1.10
09-Jul-2005    14435     5.97     0.00     5.97
10-Jul-2005    14436     0.34     0.17     0.51
11-Jul-2005    14437     2.87     0.00     2.87
12-Jul-2005    14438    19.68     0.00    19.68
13-Jul-2005    14439     4.26     0.00     4.26
14-Jul-2005    14440     0.84     0.00     0.84
15-Jul-2005    14441     0.00     0.43     0.43
16-Jul-2005    14442     0.00     0.47     0.47
17-Jul-2005    14443     0.00     0.00     0.00
18-Jul-2005    14444     0.00     0.00     0.00
19-Jul-2005    14445     0.00     0.00     0.00
20-Jul-2005    14446     0.00     0.00     0.00
21-Jul-2005    14447     0.00     0.00     0.00
22-Jul-2005    14448     0.00     0.00     0.00
23-Jul-2005    14449     0.00     0.00     0.00
24-Jul-2005    14450     0.00     0.00     0.00
25-Jul-2005    14451     0.00     0.00     0.00
26-Jul-2005    14452     0.00     0.00     0.00
27-Jul-2005    14453     0.00     0.00     0.00
28-Jul-2005    14454     0.63     0.00     0.63
29-Jul-2005    14455     0.00     0.00     0.00
30-Jul-2005    14456    16.47     0.00    16.47
31-Jul-2005    14457     0.90     0.00     0.90
01-Aug-2005    14458     4.21     0.06     4.27
02-Aug-2005    14459     0.47     1.63     2.10
03-Aug-2005    14460     0.68     4.18     4.86
04-Aug-2005    14461     0.33     1.35     1.68
05-Aug-2005    14462     1.54     0.00     1.54
06-Aug-2005    14463     0.04     0.00     0.04
07-Aug-2005    14464     0.00     0.00     0.00
08-Aug-2005    14465     0.00     0.00     0.00
09-Aug-2005    14466     0.00     0.00     0.00
10-Aug-2005    14467     0.00     0.00     0.00
11-Aug-2005    14468     0.00     0.00     0.00
12-Aug-2005    14469     0.00     0.00     0.00
13-Aug-2005    14470     0.00     0.00     0.00
14-Aug-2005    14471     0.00     0.00     0.00
15-Aug-2005    14472     0.00     0.00     0.00
16-Aug-2005    14473     0.00     0.00     0.00
17-Aug-2005    14474     0.00     0.00     0.00
18-Aug-2005    14475     0.00     0.00     0.00
19-Aug-2005    14476     0.00     0.00     0.00
20-Aug-2005    14477     0.00     0.00     0.00
21-Aug-2005    14478     0.00     0.00     0.00
22-Aug-2005    14479     0.00    10.31    10.31
23-Aug-2005    14480     3.04     0.00     3.04
24-Aug-2005    14481     0.10     0.00     0.10
25-Aug-2005    14482     1.28     0.00     1.28
26-Aug-2005    14483     0.00     0.00     0.00
27-Aug-2005    14484     0.24     0.00     0.24
28-Aug-2005    14485     0.25     0.00     0.25
29-Aug-2005    14486     0.00     0.88     0.88
30-Aug-2005    14487     0.00     0.16     0.16
31-Aug-2005    14488     7.89     0.00     7.89
01-Sep-2005    14489     0.00     0.00     0.00
02-Sep-2005    14490     0.00     0.00     0.00
03-Sep-2005    14491     0.00     0.15     0.15
04-Sep-2005    14492     0.00     0.00     0.00
05-Sep-2005    14493     0.00     0.00     0.00
06-Sep-2005    14494     0.00     0.00     0.00
07-Sep-2005    14495     0.00    20.60    20.60
08-Sep-2005    14496     0.00    27.89    27.89
09-Sep-2005    14497     0.00    17.72    17.72
10-Sep-2005    14498     0.00    43.74    43.74
11-Sep-2005    14499     0.00     9.00     9.00
12-Sep-2005    14500     0.00    24.07    24.07
13-Sep-2005    14501     0.00    34.00    34.00
14-Sep-2005    14502     0.00     6.50     6.50
15-Sep-2005    14503     0.00    14.17    14.17
16-Sep-2005    14504     0.00    13.85    13.85
17-Sep-2005    14505     0.64     7.06     7.70
18-Sep-2005    14506     0.00     0.39     0.39
19-Sep-2005    14507     0.00     0.00     0.00
20-Sep-2005    14508     0.00     0.71     0.71
21-Sep-2005    14509     0.00     0.00     0.00
22-Sep-2005    14510     0.00     0.00     0.00
23-Sep-2005    14511     0.30     0.00     0.30
24-Sep-2005    14512     0.00     0.00     0.00
25-Sep-2005    14513     0.00     0.00     0.00
26-Sep-2005    14514     0.00     0.00     0.00
27-Sep-2005    14515     0.00     0.00     0.00
28-Sep-2005    14516     0.00     0.00     0.00
29-Sep-2005    14517     0.00     0.00     0.00
30-Sep-2005    14518     0.00     0.00     0.00
01-Oct-2005    14519     0.00     0.00     0.00
02-Oct-2005    14520     0.00     0.00     0.00
03-Oct-2005    14521     0.00     0.00     0.00
04-Oct-2005    14522     0.00     0.00     0.00
05-Oct-2005    14523     0.00     0.24     0.24
06-Oct-2005    14524     0.00     0.00     0.00
07-Oct-2005    14525     0.00     0.00     0.00
08-Oct-2005    14526     0.00     0.00     0.00
09-Oct-2005    14527     0.00     0.00     0.00
10-Oct-2005    14528     0.00     0.00     0.00
11-Oct-2005    14529     0.00     0.00     0.00
12-Oct-2005    14530     0.00     0.00     0.00
13-Oct-2005    14531     0.00     0.14     0.14
14-Oct-2005    14532     0.00     0.35     0.35
15-Oct-2005    14533     0.00     0.00     0.00
16-Oct-2005    14534     0.00     0.00     0.00
17-Oct-2005    14535     0.00     0.00     0.00
18-Oct-2005    14536     0.00     0.00     0.00
19-Oct-2005    14537     0.00     0.00     0.00
20-Oct-2005    14538     0.00     0.00     0.00
21-Oct-2005    14539     0.00     0.00     0.00
22-Oct-2005    14540     0.00     0.00     0.00
23-Oct-2005    14541     0.00     0.00     0.00
24-Oct-2005    14542     0.00     0.00     0.00
25-Oct-2005    14543     0.00     0.00     0.00
26-Oct-2005    14544     0.00     0.00     0.00
27-Oct-2005    14545     0.00     0.00     0.00
28-Oct-2005    14546     0.00     0.00     0.00
29-Oct-2005    14547     0.00     0.00     0.00
30-Oct-2005    14548     0.00     0.00     0.00
31-Oct-2005    14549     0.00     0.00     0.00
01-Nov-2005    14550     0.00     0.00     0.00
02-Nov-2005    14551     0.00     0.00     0.00
03-Nov-2005    14552     0.00     0.20     0.20
04-Nov-2005    14553     0.00     0.00     0.00
05-Nov-2005    14554     0.00     0.00     0.00
06-Nov-2005    14555     0.00     0.00     0.00
07-Nov-2005    14556     0.00     0.00     0.00
08-Nov-2005    14557     0.00     0.00     0.00
09-Nov-2005    14558     0.00     0.00     0.00
10-Nov-2005    14559     0.00     0.00     0.00
11-Nov-2005    14560     0.00     0.00     0.00
12-Nov-2005    14561     0.00     0.00     0.00
13-Nov-2005    14562     0.00     0.39     0.39
14-Nov-2005    14563     0.00     1.71     1.71
15-Nov-2005    14564     0.00     1.16     1.16
16-Nov-2005    14565     0.00     0.00     0.00
17-Nov-2005    14566     0.00     0.78     0.78
18-Nov-2005    14567     0.00     0.87     0.87
19-Nov-2005    14568     0.00     0.31     0.31
20-Nov-2005    14569     0.00     0.41     0.41
21-Nov-2005    14570     0.00     0.00     0.00
22-Nov-2005    14571     0.00     0.00     0.00
23-Nov-2005    14572     0.00     0.00     0.00
24-Nov-2005    14573     0.00     0.00     0.00
25-Nov-2005    14574     0.00     0.00     0.00
26-Nov-2005    14575     0.00     0.00     0.00
27-Nov-2005    14576     0.00     0.00     0.00
28-Nov-2005    14577     0.00     0.00     0.00
29-Nov-2005    14578     0.00     1.94     1.94
30-Nov-2005    14579     0.00     0.00     0.00
01-Dec-2005    14580     0.00     0.52     0.52
02-Dec-2005    14581     0.00    10.14    10.14
03-Dec-2005    14582     0.00     6.42     6.42
04-Dec-2005    14583     0.00     6.55     6.55
05-Dec-2005    14584     0.00     0.00     0.00
06-Dec-2005    14585     0.00     0.00     0.00
07-Dec-2005    14586     0.39     0.00     0.39
08-Dec-2005    14587     0.00     0.00     0.00
09-Dec-2005    14588     0.00     0.00     0.00
10-Dec-2005    14589     0.00     0.00     0.00
11-Dec-2005    14590     0.00     0.00     0.00
12-Dec-2005    14591     0.00     0.00     0.00
13-Dec-2005    14592     0.00     0.00     0.00
14-Dec-2005    14593     0.00     0.00     0.00
15-Dec-2005    14594     0.00     0.00     0.00
16-Dec-2005    14595     0.00     0.00     0.00
17-Dec-2005    14596     0.00     0.00     0.00
18-Dec-2005    14597     0.00     0.00     0.00
19-Dec-2005    14598     0.00     0.00     0.00
20-Dec-2005    14599     0.00     0.00     0.00
21-Dec-2005    14600     0.00     0.00     0.00
22-Dec-2005    14601     0.80     0.00     0.80
23-Dec-2005    14602     0.46     0.00     0.46
24-Dec-2005    14603     0.00     0.00     0.00
25-Dec-2005    14604     0.00     0.53     0.53
26-Dec-2005    14605     0.00     0.00     0.00
27-Dec-2005    14606     0.00     0.00     0.00
28-Dec-2005    14607     0.43     0.00     0.43
29-Dec-2005    14608     0.00     0.00     0.00
30-Dec-2005    14609     0.00     0.00     0.00
31-Dec-2005    14610     0.00     0.00     0.00