
            DAILY SOLAR FLARE INDEX
           01 JAN 1996 - 31 DEC 1996
________________________________________________

  TIME (DAY)            NORTH    SOUTH    TOTAL
================================================
  01-Jan-96    10958     0.00     0.00     0.00
  02-Jan-96    10959     0.00     0.00     0.00
  03-Jan-96    10960     3.58     0.00     3.58
  04-Jan-96    10961     0.00     0.00     0.00
  05-Jan-96    10962     1.55     0.22     1.77
  06-Jan-96    10963     0.00     0.00     0.00
  07-Jan-96    10964     0.00     0.00     0.00
  08-Jan-96    10965     0.10     0.00     0.10
  09-Jan-96    10966     0.00     0.00     0.00
  10-Jan-96    10967     0.00     0.00     0.00
  11-Jan-96    10968     0.00     0.00     0.00
  12-Jan-96    10969     0.00     0.00     0.00
  13-Jan-96    10970     0.00     0.00     0.00
  14-Jan-96    10971     0.00     0.00     0.00
  15-Jan-96    10972     0.00     0.00     0.00
  16-Jan-96    10973     0.00     0.00     0.00
  17-Jan-96    10974     0.00     0.00     0.00
  18-Jan-96    10975     0.00     0.00     0.00
  19-Jan-96    10976     0.00     0.00     0.00
  20-Jan-96    10977     0.00     0.00     0.00
  21-Jan-96    10978     0.00     0.00     0.00
  22-Jan-96    10979     0.00     0.00     0.00
  23-Jan-96    10980     0.00     0.00     0.00
  24-Jan-96    10981     0.00     0.00     0.00
  25-Jan-96    10982     0.00     0.00     0.00
  26-Jan-96    10983     0.00     0.00     0.00
  27-Jan-96    10984     0.00     0.00     0.00
  28-Jan-96    10985     0.00     0.00     0.00
  29-Jan-96    10986     0.00     0.00     0.00
  30-Jan-96    10987     0.00     0.00     0.00
  31-Jan-96    10988     0.28     0.00     0.28
  01-Feb-96    10989     0.48     0.00     0.48
  02-Feb-96    10990     0.55     0.00     0.55
  03-Feb-96    10991     0.00     0.00     0.00
  04-Feb-96    10992     0.00     0.00     0.00
  05-Feb-96    10993     0.00     0.00     0.00
  06-Feb-96    10994     0.00     0.00     0.00
  07-Feb-96    10995     0.00     0.00     0.00
  08-Feb-96    10996     0.00     0.00     0.00
  09-Feb-96    10997     0.00     0.00     0.00
  10-Feb-96    10998     0.00     0.00     0.00
  11-Feb-96    10999     0.00     0.00     0.00
  12-Feb-96    11000     0.00     0.00     0.00
  13-Feb-96    11001     0.00     0.00     0.00
  14-Feb-96    11002     0.00     0.00     0.00
  15-Feb-96    11003     0.00     0.00     0.00
  16-Feb-96    11004     0.00     0.00     0.00
  17-Feb-96    11005     0.00     0.00     0.00
  18-Feb-96    11006     0.00     0.00     0.00
  19-Feb-96    11007     0.00     0.00     0.00
  20-Feb-96    11008     0.00     0.00     0.00
  21-Feb-96    11009     0.00     0.00     0.00
  22-Feb-96    11010     0.00     0.00     0.00
  23-Feb-96    11011     0.00     0.00     0.00
  24-Feb-96    11012     0.00     0.00     0.00
  25-Feb-96    11013     0.00     0.00     0.00
  26-Feb-96    11014     0.00     0.00     0.00
  27-Feb-96    11015     0.00     0.00     0.00
  28-Feb-96    11016     0.00     0.00     0.00
  29-Feb-96    11017     0.00     0.00     0.00
  01-Mar-96    11018     0.00     0.00     0.00
  02-Mar-96    11019     0.00     0.00     0.00
  03-Mar-96    11020     0.00     0.00     0.00
  04-Mar-96    11021     0.00     0.00     0.00
  05-Mar-96    11022     0.00     0.00     0.00
  06-Mar-96    11023     0.00     0.00     0.00
  07-Mar-96    11024     0.00     0.00     0.00
  08-Mar-96    11025     0.00     0.00     0.00
  09-Mar-96    11026     0.00     0.00     0.00
  10-Mar-96    11027     0.00     0.00     0.00
  11-Mar-96    11028     0.00     4.04     4.04
  12-Mar-96    11029     0.00     0.30     0.30
  13-Mar-96    11030     0.00     0.00     0.00
  14-Mar-96    11031     0.00     0.11     0.11
  15-Mar-96    11032     0.00     0.00     0.00
  16-Mar-96    11033     0.00     0.00     0.00
  17-Mar-96    11034     0.00     0.00     0.00
  18-Mar-96    11035     0.00     0.00     0.00
  19-Mar-96    11036     0.00     0.00     0.00
  20-Mar-96    11037     0.00     0.00     0.00
  21-Mar-96    11038     0.00     0.00     0.00
  22-Mar-96    11039     0.15     0.00     0.15
  23-Mar-96    11040     0.64     0.00     0.64
  24-Mar-96    11041     0.00     0.00     0.00
  25-Mar-96    11042     0.00     0.00     0.00
  26-Mar-96    11043     1.73     0.00     1.73
  27-Mar-96    11044     0.00     0.00     0.00
  28-Mar-96    11045     0.00     0.00     0.00
  29-Mar-96    11046     0.00     0.00     0.00
  30-Mar-96    11047     0.00     0.00     0.00
  31-Mar-96    11048     0.00     0.00     0.00
  01-Apr-96    11049     0.00     0.00     0.00
  02-Apr-96    11050     0.00     0.00     0.00
  03-Apr-96    11051     0.00     0.00     0.00
  04-Apr-96    11052     0.00     0.48     0.48
  05-Apr-96    11053     0.00     0.00     0.00
  06-Apr-96    11054     0.00     0.00     0.00
  07-Apr-96    11055     0.00     0.00     0.00
  08-Apr-96    11056     0.00     0.00     0.00
  09-Apr-96    11057     0.00     0.00     0.00
  10-Apr-96    11058     0.00     0.00     0.00
  11-Apr-96    11059     0.00     0.00     0.00
  12-Apr-96    11060     0.00     0.00     0.00
  13-Apr-96    11061     0.00     0.00     0.00
  14-Apr-96    11062     0.00     0.00     0.00
  15-Apr-96    11063     0.00     0.00     0.00
  16-Apr-96    11064     0.00     0.00     0.00
  17-Apr-96    11065     0.19     0.00     0.19
  18-Apr-96    11066     0.00     0.00     0.00
  19-Apr-96    11067     0.00     0.00     0.00
  20-Apr-96    11068     0.66     0.07     0.73
  21-Apr-96    11069     0.79     6.40     7.20
  22-Apr-96    11070     0.00    11.48    11.48
  23-Apr-96    11071     0.00     0.52     0.52
  24-Apr-96    11072     0.00     0.00     0.00
  25-Apr-96    11073     0.00     0.00     0.00
  26-Apr-96    11074     0.00     1.35     1.35
  27-Apr-96    11075     0.00     0.00     0.00
  28-Apr-96    11076     0.00     0.00     0.00
  29-Apr-96    11077     0.00     0.00     0.00
  30-Apr-96    11078     0.00     0.00     0.00
  01-May-96    11079     0.00     0.00     0.00
  02-May-96    11080     0.00     0.00     0.00
  03-May-96    11081     0.00     0.00     0.00
  04-May-96    11082     0.00     0.00     0.00
  05-May-96    11083     0.00     0.00     0.00
  06-May-96    11084     0.00     0.00     0.00
  07-May-96    11085     0.00     0.23     0.23
  08-May-96    11086     0.00     3.19     3.19
  09-May-96    11087     0.00     0.70     0.70
  10-May-96    11088     0.00     0.30     0.30
  11-May-96    11089     0.00     1.81     1.81
  12-May-96    11090     0.00     0.90     0.90
  13-May-96    11091     0.00     0.00     0.00
  14-May-96    11092     0.00     0.51     0.51
  15-May-96    11093     0.00     0.00     0.00
  16-May-96    11094     0.00     0.00     0.00
  17-May-96    11095     0.00     0.00     0.00
  18-May-96    11096     0.00     0.17     0.17
  19-May-96    11097     0.00     0.00     0.00
  20-May-96    11098     0.00     0.00     0.00
  21-May-96    11099     0.00     0.00     0.00
  22-May-96    11100     0.00     0.00     0.00
  23-May-96    11101     0.00     0.00     0.00
  24-May-96    11102     0.00     0.00     0.00
  25-May-96    11103     0.00     0.00     0.00
  26-May-96    11104     0.00     0.00     0.00
  27-May-96    11105     0.00     0.00     0.00
  28-May-96    11106     0.00     0.00     0.00
  29-May-96    11107     0.00     0.00     0.00
  30-May-96    11108     0.00     0.00     0.00
  31-May-96    11109     0.00     0.00     0.00
  01-Jun-96    11110     0.00     0.00     0.00
  02-Jun-96    11111     0.00     0.00     0.00
  03-Jun-96    11112     0.00     0.00     0.00
  04-Jun-96    11113     0.00     0.00     0.00
  05-Jun-96    11114     1.12     0.00     1.12
  06-Jun-96    11115     0.52     0.42     0.94
  07-Jun-96    11116     1.51     0.00     1.51
  08-Jun-96    11117     0.00     0.00     0.00
  09-Jun-96    11118     0.55     0.64     1.19
  10-Jun-96    11119     0.00     0.00     0.00
  11-Jun-96    11120     0.46     0.00     0.46
  12-Jun-96    11121     0.00     0.00     0.00
  13-Jun-96    11122     0.00     0.00     0.00
  14-Jun-96    11123     0.00     0.00     0.00
  15-Jun-96    11124     0.00     0.00     0.00
  16-Jun-96    11125     0.00     0.00     0.00
  17-Jun-96    11126     0.00     0.00     0.00
  18-Jun-96    11127     0.00     0.00     0.00
  19-Jun-96    11128     0.00     0.00     0.00
  20-Jun-96    11129     0.10     0.00     0.10
  21-Jun-96    11130     0.00     0.00     0.00
  22-Jun-96    11131     0.00     0.00     0.00
  23-Jun-96    11132     0.22     0.00     0.22
  24-Jun-96    11133     0.00     0.00     0.00
  25-Jun-96    11134     0.00     0.00     0.00
  26-Jun-96    11135     0.00     0.00     0.00
  27-Jun-96    11136     2.39     0.00     2.39
  28-Jun-96    11137     0.00     0.00     0.00
  29-Jun-96    11138     0.00     0.00     0.00
  30-Jun-96    11139     0.00     0.00     0.00
  01-Jul-96    11140     0.00     0.00     0.00
  02-Jul-96    11141     0.00     0.00     0.00
  03-Jul-96    11142     0.00     0.00     0.00
  04-Jul-96    11143     0.00     0.11     0.11
  05-Jul-96    11144     0.00     0.00     0.00
  06-Jul-96    11145     0.00     0.00     0.00
  07-Jul-96    11146     0.00     1.36     1.36
  08-Jul-96    11147     0.00     3.66     3.66
  09-Jul-96    11148     0.00     9.28     9.28
  10-Jul-96    11149     0.00     7.44     7.44
  11-Jul-96    11150     0.00     3.11     3.11
  12-Jul-96    11151     0.00     5.50     5.50
  13-Jul-96    11152     0.00     0.00     0.00
  14-Jul-96    11153     0.00     0.00     0.00
  15-Jul-96    11154     0.00     0.00     0.00
  16-Jul-96    11155     0.00     0.00     0.00
  17-Jul-96    11156     0.00     0.00     0.00
  18-Jul-96    11157     0.00     0.00     0.00
  19-Jul-96    11158     0.00     0.00     0.00
  20-Jul-96    11159     0.00     0.00     0.00
  21-Jul-96    11160     0.00     0.00     0.00
  22-Jul-96    11161     0.00     0.00     0.00
  23-Jul-96    11162     0.00     0.00     0.00
  24-Jul-96    11163     0.00     0.00     0.00
  25-Jul-96    11164     0.00     0.00     0.00
  26-Jul-96    11165     0.00     0.00     0.00
  27-Jul-96    11166     0.00     0.00     0.00
  28-Jul-96    11167     0.00     0.00     0.00
  29-Jul-96    11168     0.00     0.34     0.34
  30-Jul-96    11169     0.00     0.36     0.36
  31-Jul-96    11170     0.00     0.99     0.99
  01-Aug-96    11171     0.00     0.36     0.36
  02-Aug-96    11172     0.00     0.78     0.78
  03-Aug-96    11173     0.00     1.16     1.16
  04-Aug-96    11174     0.00     0.54     0.54
  05-Aug-96    11175     0.00     0.83     0.83
  06-Aug-96    11176     0.00     0.36     0.36
  07-Aug-96    11177     0.00     0.00     0.00
  08-Aug-96    11178     0.00     0.20     0.20
  09-Aug-96    11179     0.55     0.00     0.55
  10-Aug-96    11180     0.73     0.00     0.73
  11-Aug-96    11181     0.00     0.00     0.00
  12-Aug-96    11182     0.00     0.00     0.00
  13-Aug-96    11183     0.00     0.00     0.00
  14-Aug-96    11184     0.00     0.00     0.00
  15-Aug-96    11185     0.00     0.00     0.00
  16-Aug-96    11186     0.00     0.00     0.00
  17-Aug-96    11187     0.00     0.00     0.00
  18-Aug-96    11188     0.00     0.00     0.00
  19-Aug-96    11189     0.00     0.00     0.00
  20-Aug-96    11190     0.00     0.00     0.00
  21-Aug-96    11191     0.00     0.00     0.00
  22-Aug-96    11192     4.21     0.00     4.21
  23-Aug-96    11193     0.00     0.00     0.00
  24-Aug-96    11194     0.00     0.00     0.00
  25-Aug-96    11195     0.00     0.33     0.33
  26-Aug-96    11196     0.00     2.81     2.81
  27-Aug-96    11197     0.00     0.00     0.00
  28-Aug-96    11198     0.00     0.34     0.34
  29-Aug-96    11199     0.00     0.00     0.00
  30-Aug-96    11200     0.00     0.00     0.00
  31-Aug-96    11201     0.00     1.30     1.30
  01-Sep-96    11202     0.00     0.00     0.00
  02-Sep-96    11203     0.00     0.00     0.00
  03-Sep-96    11204     0.00     0.00     0.00
  04-Sep-96    11205     0.00     0.77     0.77
  05-Sep-96    11206     0.00     0.00     0.00
  06-Sep-96    11207     0.00     0.00     0.00
  07-Sep-96    11208     0.00     0.00     0.00
  08-Sep-96    11209     0.00     0.00     0.00
  09-Sep-96    11210     0.00     0.00     0.00
  10-Sep-96    11211     0.00     0.00     0.00
  11-Sep-96    11212     0.00     0.00     0.00
  12-Sep-96    11213     0.00     0.00     0.00
  13-Sep-96    11214     0.00     0.00     0.00
  14-Sep-96    11215     0.00     0.00     0.00
  15-Sep-96    11216     0.00     0.00     0.00
  16-Sep-96    11217     0.00     0.00     0.00
  17-Sep-96    11218     0.00     0.00     0.00
  18-Sep-96    11219     0.00     0.00     0.00
  19-Sep-96    11220     0.00     0.00     0.00
  20-Sep-96    11221     0.00     0.00     0.00
  21-Sep-96    11222     0.00     0.00     0.00
  22-Sep-96    11223     0.00     0.00     0.00
  23-Sep-96    11224     0.00     0.00     0.00
  24-Sep-96    11225     0.00     0.00     0.00
  25-Sep-96    11226     0.00     0.00     0.00
  26-Sep-96    11227     0.00     0.00     0.00
  27-Sep-96    11228     0.00     0.17     0.17
  28-Sep-96    11229     0.00     0.00     0.00
  29-Sep-96    11230     0.00     0.00     0.00
  30-Sep-96    11231     0.00     0.00     0.00
  01-Oct-96    11232     0.00     0.00     0.00
  02-Oct-96    11233     0.00     0.00     0.00
  03-Oct-96    11234     0.00     0.00     0.00
  04-Oct-96    11235     0.00     0.00     0.00
  05-Oct-96    11236     0.00     0.00     0.00
  06-Oct-96    11237     0.00     0.00     0.00
  07-Oct-96    11238     0.00     0.00     0.00
  08-Oct-96    11239     0.00     0.00     0.00
  09-Oct-96    11240     0.00     0.00     0.00
  10-Oct-96    11241     0.00     0.00     0.00
  11-Oct-96    11242     0.00     0.00     0.00
  12-Oct-96    11243     0.00     0.00     0.00
  13-Oct-96    11244     0.00     0.00     0.00
  14-Oct-96    11245     0.00     0.00     0.00
  15-Oct-96    11246     0.00     0.00     0.00
  16-Oct-96    11247     0.00     0.00     0.00
  17-Oct-96    11248     0.00     0.00     0.00
  18-Oct-96    11249     0.00     0.00     0.00
  19-Oct-96    11250     0.00     0.00     0.00
  20-Oct-96    11251     0.00     0.00     0.00
  21-Oct-96    11252     0.00     0.00     0.00
  22-Oct-96    11253     0.00     0.00     0.00
  23-Oct-96    11254     0.00     0.00     0.00
  24-Oct-96    11255     0.00     0.00     0.00
  25-Oct-96    11256     0.00     0.00     0.00
  26-Oct-96    11257     0.00     0.00     0.00
  27-Oct-96    11258     0.00     0.00     0.00
  28-Oct-96    11259     0.00     0.00     0.00
  29-Oct-96    11260     0.00     0.00     0.00
  30-Oct-96    11261     0.00     0.00     0.00
  31-Oct-96    11262     0.00     0.00     0.00
  01-Nov-96    11263     0.00     0.00     0.00
  02-Nov-96    11264     0.00     0.00     0.00
  03-Nov-96    11265     0.00     0.00     0.00
  04-Nov-96    11266     0.00     0.00     0.00
  05-Nov-96    11267     0.00     0.00     0.00
  06-Nov-96    11268     0.00     0.00     0.00
  07-Nov-96    11269     0.00     0.00     0.00
  08-Nov-96    11270     0.00     0.00     0.00
  09-Nov-96    11271     0.00     0.00     0.00
  10-Nov-96    11272     0.00     0.00     0.00
  11-Nov-96    11273     0.00     0.00     0.00
  12-Nov-96    11274     0.00     0.00     0.00
  13-Nov-96    11275     0.00     0.00     0.00
  14-Nov-96    11276     0.00     0.00     0.00
  15-Nov-96    11277     0.00     0.00     0.00
  16-Nov-96    11278     0.00     0.00     0.00
  17-Nov-96    11279     0.00     0.00     0.00
  18-Nov-96    11280     0.00     0.00     0.00
  19-Nov-96    11281     0.00     0.00     0.00
  20-Nov-96    11282     0.00     0.00     0.00
  21-Nov-96    11283     0.00     0.50     0.50
  22-Nov-96    11284     0.41     0.00     0.41
  23-Nov-96    11285     0.00     1.18     1.18
  24-Nov-96    11286     0.00     1.29     1.29
  25-Nov-96    11287     0.42    11.75    12.17
  26-Nov-96    11288     0.00     1.88     1.88
  27-Nov-96    11289     0.00     0.74     0.74
  28-Nov-96    11290     0.00     1.59     1.59
  29-Nov-96    11291     0.00     3.33     3.33
  30-Nov-96    11292     0.00     9.13     9.13
  01-Dec-96    11293     0.00     1.74     1.74
  02-Dec-96    11294     0.00     2.08     2.08
  03-Dec-96    11295     0.00     0.00     0.00
  04-Dec-96    11296     0.00     0.00     0.00
  05-Dec-96    11297     0.00     0.00     0.00
  06-Dec-96    11298     0.00     0.00     0.00
  07-Dec-96    11299     0.00     0.00     0.00
  08-Dec-96    11300     0.00     0.00     0.00
  09-Dec-96    11301     0.00     0.76     0.76
  10-Dec-96    11302     0.00     0.20     0.20
  11-Dec-96    11303     0.00     0.92     0.92
  12-Dec-96    11304     0.00     2.69     2.69
  13-Dec-96    11305     0.00     1.02     1.02
  14-Dec-96    11306     0.30     0.15     0.45
  15-Dec-96    11307     0.00     0.00     0.00
  16-Dec-96    11308     0.00     0.36     0.36
  17-Dec-96    11309     0.00     0.00     0.00
  18-Dec-96    11310     0.12     0.00     0.12
  19-Dec-96    11311     0.09    10.71    10.80
  20-Dec-96    11312     0.23     0.00     0.23
  21-Dec-96    11313     0.00     0.25     0.25
  22-Dec-96    11314     0.00     0.00     0.00
  23-Dec-96    11315     0.00     0.19     0.19
  24-Dec-96    11316     0.00     0.00     0.00
  25-Dec-96    11317     0.00     0.00     0.00
  26-Dec-96    11318     0.00     0.00     0.00
  27-Dec-96    11319     0.00     0.00     0.00
  28-Dec-96    11320     0.00     0.00     0.00
  29-Dec-96    11321     0.00     0.00     0.00
  30-Dec-96    11322     0.00     0.00     0.00
  31-Dec-96    11323     0.00     0.00     0.00