
            DAILY SOLAR FLARE INDEX
           01 JAN 1987 - 31 DEC 1987
________________________________________________

  TIME (DAY)            NORTH    SOUTH    TOTAL
================================================
  01-Jan-87     7671     3.78     0.00     3.78
  02-Jan-87     7672     0.00     0.00     0.00
  03-Jan-87     7673     0.00     0.00     0.00
  04-Jan-87     7674     0.00     0.00     0.00
  05-Jan-87     7675     0.00     0.00     0.00
  06-Jan-87     7676     0.00     0.00     0.00
  07-Jan-87     7677     0.00     0.00     0.00
  08-Jan-87     7678     0.00     0.00     0.00
  09-Jan-87     7679     0.00     0.00     0.00
  10-Jan-87     7680     0.00     0.00     0.00
  11-Jan-87     7681     0.00     0.00     0.00
  12-Jan-87     7682     0.00     0.00     0.00
  13-Jan-87     7683     0.00     0.00     0.00
  14-Jan-87     7684     0.00     0.00     0.00
  15-Jan-87     7685     0.00     0.00     0.00
  16-Jan-87     7686     0.00     0.00     0.00
  17-Jan-87     7687     0.00     0.92     0.92
  18-Jan-87     7688     0.00     0.50     0.50
  19-Jan-87     7689     0.00     0.00     0.00
  20-Jan-87     7690     0.00     0.00     0.00
  21-Jan-87     7691     0.00     1.90     1.90
  22-Jan-87     7692     0.00     4.11     4.11
  23-Jan-87     7693     0.00     1.81     1.81
  24-Jan-87     7694     0.00     0.00     0.00
  25-Jan-87     7695     0.00     0.81     0.81
  26-Jan-87     7696     0.00     1.33     1.33
  27-Jan-87     7697     0.00     0.00     0.00
  28-Jan-87     7698     0.00     0.00     0.00
  29-Jan-87     7699     0.00     0.00     0.00
  30-Jan-87     7700     0.00     0.00     0.00
  31-Jan-87     7701     0.00     0.00     0.00
  01-Feb-87     7702     0.00     0.00     0.00
  02-Feb-87     7703     0.00     0.00     0.00
  03-Feb-87     7704     0.00     0.00     0.00
  04-Feb-87     7705     0.00     0.00     0.00
  05-Feb-87     7706     0.00     0.00     0.00
  06-Feb-87     7707     0.00     0.00     0.00
  07-Feb-87     7708     0.00     0.00     0.00
  08-Feb-87     7709     0.00     0.00     0.00
  09-Feb-87     7710     0.00     0.00     0.00
  10-Feb-87     7711     0.00     0.00     0.00
  11-Feb-87     7712     0.00     0.00     0.00
  12-Feb-87     7713     0.00     0.00     0.00
  13-Feb-87     7714     0.00     0.00     0.00
  14-Feb-87     7715     0.00     0.00     0.00
  15-Feb-87     7716     0.00     0.00     0.00
  16-Feb-87     7717     0.23     0.00     0.23
  17-Feb-87     7718     0.00     0.00     0.00
  18-Feb-87     7719     0.00     0.00     0.00
  19-Feb-87     7720     0.00     0.00     0.00
  20-Feb-87     7721     0.00     0.00     0.00
  21-Feb-87     7722     0.00     0.00     0.00
  22-Feb-87     7723     0.00     0.00     0.00
  23-Feb-87     7724     0.00     0.00     0.00
  24-Feb-87     7725     0.00     0.00     0.00
  25-Feb-87     7726     0.00     0.00     0.00
  26-Feb-87     7727     0.00     0.00     0.00
  27-Feb-87     7728     0.00     0.00     0.00
  28-Feb-87     7729     4.31     0.25     4.56
  01-Mar-87     7730     1.73     0.00     1.73
  02-Mar-87     7731     0.92     0.07     0.99
  03-Mar-87     7732     0.00     0.00     0.00
  04-Mar-87     7733     0.00     0.73     0.73
  05-Mar-87     7734     1.46     0.00     1.46
  06-Mar-87     7735     1.36     0.00     1.36
  07-Mar-87     7736     0.73     0.00     0.73
  08-Mar-87     7737     4.56     0.00     4.56
  09-Mar-87     7738     0.19     0.00     0.19
  10-Mar-87     7739     0.00     0.00     0.00
  11-Mar-87     7740     0.00     0.00     0.00
  12-Mar-87     7741     0.00     0.00     0.00
  13-Mar-87     7742     0.00     2.38     2.38
  14-Mar-87     7743     0.00     2.68     2.68
  15-Mar-87     7744     0.00     0.15     0.15
  16-Mar-87     7745     0.00     0.00     0.00
  17-Mar-87     7746     0.00     0.73     0.73
  18-Mar-87     7747     0.00     0.83     0.83
  19-Mar-87     7748     0.00     1.50     1.50
  20-Mar-87     7749     1.46     2.88     4.34
  21-Mar-87     7750     3.63     0.00     3.63
  22-Mar-87     7751     1.83     0.00     1.83
  23-Mar-87     7752     0.00     0.67     0.67
  24-Mar-87     7753     0.00     0.00     0.00
  25-Mar-87     7754     1.95     0.00     1.95
  26-Mar-87     7755     0.00     0.00     0.00
  27-Mar-87     7756     0.34     0.00     0.34
  28-Mar-87     7757     0.00     0.00     0.00
  29-Mar-87     7758     0.00     0.00     0.00
  30-Mar-87     7759     0.00     0.00     0.00
  31-Mar-87     7760     0.77     0.00     0.77
  01-Apr-87     7761     0.65     0.00     0.65
  02-Apr-87     7762     0.19     0.00     0.19
  03-Apr-87     7763     0.00     1.86     1.86
  04-Apr-87     7764     0.19     0.17     0.36
  05-Apr-87     7765     0.00     3.26     3.26
  06-Apr-87     7766     0.00     8.99     8.99
  07-Apr-87     7767     0.33     8.06     8.39
  08-Apr-87     7768     0.00     4.25     4.25
  09-Apr-87     7769     0.00     6.66     6.66
  10-Apr-87     7770     0.00     8.47     8.47
  11-Apr-87     7771     0.29     3.41     3.70
  12-Apr-87     7772     0.00     4.85     4.85
  13-Apr-87     7773     0.00     1.44     1.44
  14-Apr-87     7774     0.00     0.96     0.96
  15-Apr-87     7775     0.14    13.22    13.36
  16-Apr-87     7776     1.46    17.75    19.21
  17-Apr-87     7777     0.00     6.15     6.15
  18-Apr-87     7778     0.27     9.60     9.87
  19-Apr-87     7779     0.02     0.77     0.79
  20-Apr-87     7780     0.00     0.94     0.94
  21-Apr-87     7781     0.00     0.00     0.00
  22-Apr-87     7782     1.91     0.00     1.91
  23-Apr-87     7783     0.36     0.00     0.36
  24-Apr-87     7784     8.08     0.00     8.08
  25-Apr-87     7785     2.45     0.00     2.45
  26-Apr-87     7786     0.00     0.00     0.00
  27-Apr-87     7787     0.32     0.00     0.32
  28-Apr-87     7788     0.00     0.00     0.00
  29-Apr-87     7789     0.00     0.00     0.00
  30-Apr-87     7790     0.44     0.00     0.44
  01-May-87     7791     2.56     0.76     3.32
  02-May-87     7792     6.13     0.00     6.13
  03-May-87     7793     0.00     0.00     0.00
  04-May-87     7794     0.00     0.00     0.00
  05-May-87     7795     0.00     1.73     1.73
  06-May-87     7796     0.00     2.79     2.79
  07-May-87     7797     0.00     2.69     2.69
  08-May-87     7798     0.00     0.83     0.83
  09-May-87     7799     0.00     0.00     0.00
  10-May-87     7800     0.00     0.24     0.24
  11-May-87     7801     0.00     1.60     1.60
  12-May-87     7802     0.00     0.00     0.00
  13-May-87     7803     0.00     1.87     1.87
  14-May-87     7804     0.09     1.31     1.40
  15-May-87     7805     0.76     0.84     1.60
  16-May-87     7806     5.38     7.09    12.47
  17-May-87     7807     0.85     6.19     7.04
  18-May-87     7808     6.11     2.28     8.39
  19-May-87     7809     3.35     1.97     5.32
  20-May-87     7810     6.65     0.13     6.78
  21-May-87     7811    10.13     0.00    10.13
  22-May-87     7812     5.67     2.02     7.69
  23-May-87     7813     2.96     0.00     2.96
  24-May-87     7814    10.94     0.00    10.94
  25-May-87     7815    15.32     0.00    15.32
  26-May-87     7816     3.57     0.00     3.57
  27-May-87     7817     2.48     0.00     2.48
  28-May-87     7818     1.58     0.00     1.58
  29-May-87     7819     0.25     0.00     0.25
  30-May-87     7820     0.17     0.00     0.17
  31-May-87     7821     0.13     0.00     0.13
  01-Jun-87     7822     0.00     0.00     0.00
  02-Jun-87     7823     0.00     1.25     1.25
  03-Jun-87     7824     0.00     0.00     0.00
  04-Jun-87     7825     0.00     0.00     0.00
  05-Jun-87     7826     0.00     0.00     0.00
  06-Jun-87     7827     0.00     0.10     0.10
  07-Jun-87     7828     0.00     0.00     0.00
  08-Jun-87     7829     0.00     0.00     0.00
  09-Jun-87     7830     0.00     0.00     0.00
  10-Jun-87     7831     0.00     0.00     0.00
  11-Jun-87     7832     0.00     0.00     0.00
  12-Jun-87     7833     0.00     0.00     0.00
  13-Jun-87     7834     0.00     0.00     0.00
  14-Jun-87     7835     0.76     0.19     0.95
  15-Jun-87     7836     0.00     0.00     0.00
  16-Jun-87     7837     1.67     1.35     3.02
  17-Jun-87     7838     0.00     0.00     0.00
  18-Jun-87     7839     0.10     0.21     0.31
  19-Jun-87     7840     0.42     0.00     0.42
  20-Jun-87     7841     1.00     0.00     1.00
  21-Jun-87     7842     1.80     0.00     1.80
  22-Jun-87     7843     2.58     0.06     2.64
  23-Jun-87     7844     2.27     0.46     2.73
  24-Jun-87     7845     3.42     0.40     3.82
  25-Jun-87     7846     1.62     0.00     1.62
  26-Jun-87     7847     1.21     2.71     3.92
  27-Jun-87     7848     0.90     6.21     7.11
  28-Jun-87     7849     1.61     0.00     1.61
  29-Jun-87     7850     0.00     0.00     0.00
  30-Jun-87     7851     1.09     0.00     1.09
  01-Jul-87     7852     0.19     0.00     0.19
  02-Jul-87     7853     0.00     0.00     0.00
  03-Jul-87     7854     0.00     0.00     0.00
  04-Jul-87     7855     0.00     0.00     0.00
  05-Jul-87     7856     0.00     0.00     0.00
  06-Jul-87     7857     0.00     0.00     0.00
  07-Jul-87     7858     0.00     0.00     0.00
  08-Jul-87     7859     0.00     0.21     0.21
  09-Jul-87     7860     0.00     2.44     2.44
  10-Jul-87     7861     0.00     0.13     0.13
  11-Jul-87     7862     0.00     0.00     0.00
  12-Jul-87     7863     0.00     0.00     0.00
  13-Jul-87     7864     0.00     0.00     0.00
  14-Jul-87     7865     0.00     0.00     0.00
  15-Jul-87     7866     0.13     0.00     0.13
  16-Jul-87     7867     0.11     1.14     1.25
  17-Jul-87     7868     0.54     0.00     0.54
  18-Jul-87     7869     0.27     0.81     1.08
  19-Jul-87     7870     0.00     0.00     0.00
  20-Jul-87     7871     0.78     4.08     4.86
  21-Jul-87     7872     0.11     2.16     2.27
  22-Jul-87     7873     0.00     7.02     7.02
  23-Jul-87     7874     0.00    12.59    12.59
  24-Jul-87     7875     2.27     8.51    10.78
  25-Jul-87     7876     0.11     8.97     9.08
  26-Jul-87     7877     0.76     5.28     6.04
  27-Jul-87     7878     0.00     9.64     9.64
  28-Jul-87     7879     0.00     1.58     1.58
  29-Jul-87     7880     1.61     0.13     1.74
  30-Jul-87     7881     0.00     2.59     2.59
  31-Jul-87     7882     1.88     0.23     2.11
  01-Aug-87     7883     0.00     0.64     0.64
  02-Aug-87     7884     4.20     1.70     5.90
  03-Aug-87     7885     2.93     0.46     3.39
  04-Aug-87     7886     1.75     1.00     2.75
  05-Aug-87     7887     0.78     2.25     3.03
  06-Aug-87     7888     0.00     1.11     1.11
  07-Aug-87     7889     0.00     8.60     8.60
  08-Aug-87     7890     0.15    13.03    13.18
  09-Aug-87     7891     0.00     6.67     6.67
  10-Aug-87     7892     0.25     3.43     3.68
  11-Aug-87     7893     0.89     3.69     4.58
  12-Aug-87     7894     1.11     0.95     2.06
  13-Aug-87     7895     0.60     6.48     7.08
  14-Aug-87     7896     0.00     1.02     1.02
  15-Aug-87     7897     0.00     0.73     0.73
  16-Aug-87     7898     0.00     1.31     1.31
  17-Aug-87     7899     0.00     1.08     1.08
  18-Aug-87     7900     0.38     0.63     1.01
  19-Aug-87     7901     0.00     4.16     4.16
  20-Aug-87     7902     0.77     1.85     2.62
  21-Aug-87     7903     0.38     1.55     1.93
  22-Aug-87     7904    11.25     0.00    11.25
  23-Aug-87     7905    13.06     0.00    13.06
  24-Aug-87     7906     2.97     0.00     2.97
  25-Aug-87     7907     5.65     0.13     5.78
  26-Aug-87     7908     3.09     0.00     3.09
  27-Aug-87     7909     0.52     0.63     1.15
  28-Aug-87     7910     0.00     0.04     0.04
  29-Aug-87     7911     0.00     0.09     0.09
  30-Aug-87     7912     0.00     0.00     0.00
  31-Aug-87     7913     0.00     0.52     0.52
  01-Sep-87     7914     0.00     5.38     5.38
  02-Sep-87     7915     0.00     1.56     1.56
  03-Sep-87     7916     0.00     5.83     5.83
  04-Sep-87     7917     0.00     1.82     1.82
  05-Sep-87     7918     0.00     1.77     1.77
  06-Sep-87     7919     0.00     3.46     3.46
  07-Sep-87     7920     0.00     7.75     7.75
  08-Sep-87     7921     0.00     6.46     6.46
  09-Sep-87     7922     0.00     1.26     1.26
  10-Sep-87     7923     0.00     5.21     5.21
  11-Sep-87     7924     0.89    10.61    11.50
  12-Sep-87     7925     0.00     5.00     5.00
  13-Sep-87     7926     0.23     1.86     2.09
  14-Sep-87     7927     0.00     3.73     3.73
  15-Sep-87     7928     1.19     3.77     4.96
  16-Sep-87     7929     0.00     1.54     1.54
  17-Sep-87     7930     0.00     9.68     9.68
  18-Sep-87     7931     0.08     1.56     1.64
  19-Sep-87     7932     0.38     4.85     5.23
  20-Sep-87     7933     0.00     3.96     3.96
  21-Sep-87     7934     0.27     2.06     2.33
  22-Sep-87     7935     0.00     0.23     0.23
  23-Sep-87     7936     0.00     0.21     0.21
  24-Sep-87     7937     0.00     0.00     0.00
  25-Sep-87     7938     0.00     0.00     0.00
  26-Sep-87     7939     0.73     0.00     0.73
  27-Sep-87     7940     0.00     0.34     0.34
  28-Sep-87     7941     0.13     2.52     2.65
  29-Sep-87     7942     1.04     0.54     1.58
  30-Sep-87     7943     0.00     0.40     0.40
  01-Oct-87     7944     0.00     0.66     0.66
  02-Oct-87     7945     0.00     1.45     1.45
  03-Oct-87     7946     0.86     4.56     5.42
  04-Oct-87     7947     4.45     0.00     4.45
  05-Oct-87     7948     2.07     0.00     2.07
  06-Oct-87     7949     2.79     0.60     3.39
  07-Oct-87     7950     4.60     0.00     4.60
  08-Oct-87     7951     1.04     0.49     1.53
  09-Oct-87     7952     2.08     4.51     6.59
  10-Oct-87     7953     1.01     0.50     1.51
  11-Oct-87     7954     0.27     0.00     0.27
  12-Oct-87     7955     2.70     0.79     3.49
  13-Oct-87     7956     1.32     0.86     2.18
  14-Oct-87     7957     0.52     1.09     1.61
  15-Oct-87     7958     7.61     3.24    10.85
  16-Oct-87     7959     8.01     2.77    10.78
  17-Oct-87     7960     5.07    11.14    16.21
  18-Oct-87     7961     1.15     7.30     8.45
  19-Oct-87     7962     0.82     1.79     2.61
  20-Oct-87     7963     0.21     2.07     2.28
  21-Oct-87     7964     2.97     1.56     4.53
  22-Oct-87     7965     0.00     0.35     0.35
  23-Oct-87     7966     0.14     0.24     0.38
  24-Oct-87     7967     0.82     0.19     1.01
  25-Oct-87     7968     0.83     0.44     1.27
  26-Oct-87     7969     0.54     0.00     0.54
  27-Oct-87     7970     0.14     0.51     0.65
  28-Oct-87     7971     0.00     8.48     8.48
  29-Oct-87     7972     0.00     0.14     0.14
  30-Oct-87     7973     2.28     2.46     4.74
  31-Oct-87     7974     0.00     0.14     0.14
  01-Nov-87     7975     0.22     3.30     3.52
  02-Nov-87     7976     2.58     9.16    11.74
  03-Nov-87     7977     8.05     2.35    10.40
  04-Nov-87     7978     5.65     5.22    10.87
  05-Nov-87     7979     2.76     3.06     5.82
  06-Nov-87     7980     0.78    18.01    18.79
  07-Nov-87     7981     0.71     2.98     3.69
  08-Nov-87     7982     0.00     0.00     0.00
  09-Nov-87     7983     0.81     0.00     0.81
  10-Nov-87     7984     1.20     0.00     1.20
  11-Nov-87     7985     3.27     2.40     5.67
  12-Nov-87     7986     2.29     2.65     4.94
  13-Nov-87     7987     0.00     4.60     4.60
  14-Nov-87     7988     0.00     0.81     0.81
  15-Nov-87     7989     0.35     0.00     0.35
  16-Nov-87     7990     0.00     1.47     1.47
  17-Nov-87     7991     0.00     1.89     1.89
  18-Nov-87     7992     0.00    16.79    16.79
  19-Nov-87     7993     0.00    13.11    13.11
  20-Nov-87     7994     0.00    19.27    19.27
  21-Nov-87     7995     0.96    10.04    11.00
  22-Nov-87     7996     0.00     5.40     5.40
  23-Nov-87     7997     0.52     3.00     3.52
  24-Nov-87     7998     4.24     8.33    12.57
  25-Nov-87     7999     0.00     1.04     1.04
  26-Nov-87     8000     2.57     8.13    10.70
  27-Nov-87     8001     0.00     1.11     1.11
  28-Nov-87     8002     0.00     0.94     0.94
  29-Nov-87     8003     0.86     0.00     0.86
  30-Nov-87     8004     4.37     0.00     4.37
  01-Dec-87     8005     0.00     0.00     0.00
  02-Dec-87     8006     0.00     0.13     0.13
  03-Dec-87     8007     0.15     0.00     0.15
  04-Dec-87     8008     0.23     0.00     0.23
  05-Dec-87     8009     0.00     0.55     0.55
  06-Dec-87     8010     0.48     0.73     1.21
  07-Dec-87     8011     0.00     0.00     0.00
  08-Dec-87     8012     0.00     1.35     1.35
  09-Dec-87     8013     0.13     1.18     1.31
  10-Dec-87     8014     0.00     4.53     4.53
  11-Dec-87     8015     0.00     0.00     0.00
  12-Dec-87     8016     0.00     1.13     1.13
  13-Dec-87     8017     0.00     0.00     0.00
  14-Dec-87     8018     0.00     0.59     0.59
  15-Dec-87     8019     0.00     1.16     1.16
  16-Dec-87     8020     0.00     3.87     3.87
  17-Dec-87     8021     0.32     2.59     2.91
  18-Dec-87     8022     0.00     0.35     0.35
  19-Dec-87     8023     0.00     0.07     0.07
  20-Dec-87     8024     0.00     0.00     0.00
  21-Dec-87     8025     0.44     2.29     2.73
  22-Dec-87     8026     1.09     0.00     1.09
  23-Dec-87     8027     1.77     0.00     1.77
  24-Dec-87     8028     0.00     0.63     0.63
  25-Dec-87     8029     0.00     5.12     5.12
  26-Dec-87     8030     0.00    11.45    11.45
  27-Dec-87     8031     0.00     3.58     3.58
  28-Dec-87     8032     0.00     4.27     4.27
  29-Dec-87     8033     0.00     2.33     2.33
  30-Dec-87     8034     0.00     5.89     5.89
  31-Dec-87     8035     0.00     1.19     1.19