
            DAILY SOLAR FLARE INDEX
           01 JAN 1974 - 31 DEC 1974
________________________________________________

  TIME (DAY)            NORTH    SOUTH    TOTAL
================================================
  01-Jan-74     2923     0.00     0.00     0.00
  02-Jan-74     2924     0.00     0.28     0.28
  03-Jan-74     2925     0.00     0.00     0.00
  04-Jan-74     2926     0.00     0.00     0.00
  05-Jan-74     2927     0.00     0.00     0.00
  06-Jan-74     2928     0.00     0.09     0.09
  07-Jan-74     2929     0.00     0.00     0.00
  08-Jan-74     2930     0.00     0.00     0.00
  09-Jan-74     2931     0.00     0.00     0.00
  10-Jan-74     2932     0.00     0.97     0.97
  11-Jan-74     2933     1.06     0.00     1.06
  12-Jan-74     2934     0.00     1.38     1.38
  13-Jan-74     2935     0.42     0.92     1.33
  14-Jan-74     2936     0.26     0.00     0.26
  15-Jan-74     2937     1.99     0.45     2.44
  16-Jan-74     2938     0.00     0.43     0.43
  17-Jan-74     2939     0.00     0.00     0.00
  18-Jan-74     2940     0.70     0.00     0.70
  19-Jan-74     2941     0.00     0.00     0.00
  20-Jan-74     2942     0.00     0.00     0.00
  21-Jan-74     2943     1.43     0.00     1.43
  22-Jan-74     2944     9.07     0.00     9.07
  23-Jan-74     2945     0.38     0.00     0.38
  24-Jan-74     2946     0.00     0.58     0.58
  25-Jan-74     2947     0.00     0.47     0.47
  26-Jan-74     2948     0.00     0.00     0.00
  27-Jan-74     2949     0.00     0.00     0.00
  28-Jan-74     2950     0.00     0.00     0.00
  29-Jan-74     2951     0.00     0.00     0.00
  30-Jan-74     2952     0.00     0.00     0.00
  31-Jan-74     2953     0.00     0.34     0.34
  01-Feb-74     2954     0.00     0.00     0.00
  02-Feb-74     2955     0.00     0.00     0.00
  03-Feb-74     2956     0.00     0.00     0.00
  04-Feb-74     2957     0.00     0.00     0.00
  05-Feb-74     2958     0.00     0.00     0.00
  06-Feb-74     2959     0.00     0.00     0.00
  07-Feb-74     2960     0.00     0.00     0.00
  08-Feb-74     2961     0.00     0.00     0.00
  09-Feb-74     2962     0.00     0.83     0.83
  10-Feb-74     2963     0.00     0.00     0.00
  11-Feb-74     2964     0.00     1.30     1.30
  12-Feb-74     2965     0.00     0.00     0.00
  13-Feb-74     2966     0.00     0.95     0.95
  14-Feb-74     2967     0.00     0.00     0.00
  15-Feb-74     2968     0.00     2.45     2.45
  16-Feb-74     2969     0.00     6.42     6.42
  17-Feb-74     2970     0.00     0.68     0.68
  18-Feb-74     2971     0.00     0.25     0.25
  19-Feb-74     2972     0.00     0.00     0.00
  20-Feb-74     2973     0.00     1.85     1.85
  21-Feb-74     2974     0.00     0.92     0.92
  22-Feb-74     2975     0.00     0.00     0.00
  23-Feb-74     2976     0.00     2.07     2.07
  24-Feb-74     2977     0.00     1.40     1.40
  25-Feb-74     2978     0.00     2.20     2.20
  26-Feb-74     2979     0.00     0.00     0.00
  27-Feb-74     2980     0.00     0.00     0.00
  28-Feb-74     2981     0.00     0.00     0.00
  01-Mar-74     2982     0.00     0.00     0.00
  02-Mar-74     2983     0.00     0.00     0.00
  03-Mar-74     2984     0.00     0.00     0.00
  04-Mar-74     2985     0.68     0.00     0.68
  05-Mar-74     2986     0.00     0.00     0.00
  06-Mar-74     2987     1.67     0.00     1.67
  07-Mar-74     2988     0.00     0.00     0.00
  08-Mar-74     2989     0.00     0.00     0.00
  09-Mar-74     2990     0.00     0.00     0.00
  10-Mar-74     2991     0.00     0.00     0.00
  11-Mar-74     2992     0.00     0.00     0.00
  12-Mar-74     2993     0.00     0.00     0.00
  13-Mar-74     2994     0.00     0.00     0.00
  14-Mar-74     2995     0.00     0.00     0.00
  15-Mar-74     2996     0.00     0.00     0.00
  16-Mar-74     2997     0.00     1.30     1.30
  17-Mar-74     2998     0.00     0.00     0.00
  18-Mar-74     2999     0.00     0.00     0.00
  19-Mar-74     3000     0.00     0.00     0.00
  20-Mar-74     3001     0.00     0.00     0.00
  21-Mar-74     3002     0.00     0.00     0.00
  22-Mar-74     3003     0.00     0.00     0.00
  23-Mar-74     3004     0.00     0.00     0.00
  24-Mar-74     3005     0.00     0.00     0.00
  25-Mar-74     3006     0.00     0.00     0.00
  26-Mar-74     3007     0.00     0.00     0.00
  27-Mar-74     3008     0.00     0.00     0.00
  28-Mar-74     3009     0.00     0.00     0.00
  29-Mar-74     3010     0.00     0.00     0.00
  30-Mar-74     3011     0.00     1.64     1.64
  31-Mar-74     3012     0.00     0.00     0.00
  01-Apr-74     3013     0.38     0.00     0.38
  02-Apr-74     3014     0.00     0.00     0.00
  03-Apr-74     3015     0.00     0.00     0.00
  04-Apr-74     3016     0.00     0.00     0.00
  05-Apr-74     3017     0.00     0.00     0.00
  06-Apr-74     3018     0.00     0.00     0.00
  07-Apr-74     3019     0.00     0.43     0.43
  08-Apr-74     3020     0.00     0.17     0.17
  09-Apr-74     3021     0.00     0.00     0.00
  10-Apr-74     3022     0.00     1.06     1.06
  11-Apr-74     3023     0.00     7.30     7.30
  12-Apr-74     3024     0.00     9.74     9.74
  13-Apr-74     3025     0.00    27.71    27.71
  14-Apr-74     3026     0.00     5.92     5.92
  15-Apr-74     3027     0.00     8.83     8.83
  16-Apr-74     3028     0.00    10.34    10.34
  17-Apr-74     3029     0.00     6.03     6.03
  18-Apr-74     3030     0.00     1.14     1.14
  19-Apr-74     3031     0.00     2.39     2.39
  20-Apr-74     3032     0.00     1.29     1.29
  21-Apr-74     3033     0.00     0.25     0.25
  22-Apr-74     3034     0.00     0.00     0.00
  23-Apr-74     3035     0.00     0.00     0.00
  24-Apr-74     3036     0.00     0.00     0.00
  25-Apr-74     3037     0.00     0.59     0.59
  26-Apr-74     3038     0.00     0.68     0.68
  27-Apr-74     3039     0.00     0.00     0.00
  28-Apr-74     3040     0.00     0.00     0.00
  29-Apr-74     3041     0.00     0.00     0.00
  30-Apr-74     3042     0.00     2.98     2.98
  01-May-74     3043     0.00     4.58     4.58
  02-May-74     3044     0.00     0.88     0.88
  03-May-74     3045     0.00     2.94     2.94
  04-May-74     3046     0.00     0.00     0.00
  05-May-74     3047     0.00     0.56     0.56
  06-May-74     3048     4.80     0.00     4.80
  07-May-74     3049     0.00     3.24     3.24
  08-May-74     3050     0.96     3.92     4.88
  09-May-74     3051     0.00     4.03     4.03
  10-May-74     3052     0.00     0.00     0.00
  11-May-74     3053     0.00     0.58     0.58
  12-May-74     3054     0.00     4.83     4.83
  13-May-74     3055     0.00    13.13    13.13
  14-May-74     3056     0.00     0.00     0.00
  15-May-74     3057     0.00     0.78     0.78
  16-May-74     3058     0.00     0.00     0.00
  17-May-74     3059     0.00     0.00     0.00
  18-May-74     3060     0.00     0.00     0.00
  19-May-74     3061     0.00     0.00     0.00
  20-May-74     3062     0.00     0.00     0.00
  21-May-74     3063     0.00     0.00     0.00
  22-May-74     3064     0.00     0.00     0.00
  23-May-74     3065     0.00     0.00     0.00
  24-May-74     3066     0.00     0.00     0.00
  25-May-74     3067     0.00     0.00     0.00
  26-May-74     3068     0.00     0.33     0.33
  27-May-74     3069     0.00     1.17     1.17
  28-May-74     3070     0.00     0.00     0.00
  29-May-74     3071     0.00     0.29     0.29
  30-May-74     3072     0.00     3.84     3.84
  31-May-74     3073     0.00     6.91     6.91
  01-Jun-74     3074     0.00     0.70     0.70
  02-Jun-74     3075     0.00     1.53     1.53
  03-Jun-74     3076     0.00     0.93     0.93
  04-Jun-74     3077     0.00     3.29     3.29
  05-Jun-74     3078     0.00     0.00     0.00
  06-Jun-74     3079     0.00     2.71     2.71
  07-Jun-74     3080     0.41     3.46     3.87
  08-Jun-74     3081     0.00     0.00     0.00
  09-Jun-74     3082     0.00     0.25     0.25
  10-Jun-74     3083     2.12     0.00     2.12
  11-Jun-74     3084     0.37     1.11     1.48
  12-Jun-74     3085     0.00     0.00     0.00
  13-Jun-74     3086     0.00     0.00     0.00
  14-Jun-74     3087     2.75     0.00     2.75
  15-Jun-74     3088     0.00     0.00     0.00
  16-Jun-74     3089     0.00     0.00     0.00
  17-Jun-74     3090     0.00     1.38     1.38
  18-Jun-74     3091     0.00     0.43     0.43
  19-Jun-74     3092     0.00     0.00     0.00
  20-Jun-74     3093     0.00     0.00     0.00
  21-Jun-74     3094     0.00     7.42     7.42
  22-Jun-74     3095     0.00     1.95     1.95
  23-Jun-74     3096     0.00    13.38    13.38
  24-Jun-74     3097     0.00     1.00     1.00
  25-Jun-74     3098     0.00     1.00     1.00
  26-Jun-74     3099     0.00     0.00     0.00
  27-Jun-74     3100     0.00     1.10     1.10
  28-Jun-74     3101     0.00     0.26     0.26
  29-Jun-74     3102     0.00     7.37     7.37
  30-Jun-74     3103     0.50     1.83     2.33
  01-Jul-74     3104     0.00    12.44    12.44
  02-Jul-74     3105     0.00    12.08    12.08
  03-Jul-74     3106     0.00    18.08    18.08
  04-Jul-74     3107     0.00    22.25    22.25
  05-Jul-74     3108     0.00    15.75    15.75
  06-Jul-74     3109     0.00    14.15    14.15
  07-Jul-74     3110     0.00    13.40    13.40
  08-Jul-74     3111     0.00     3.85     3.85
  09-Jul-74     3112     0.00     4.38     4.38
  10-Jul-74     3113     0.00     1.63     1.63
  11-Jul-74     3114     0.00     0.00     0.00
  12-Jul-74     3115     0.00     0.00     0.00
  13-Jul-74     3116     0.00     0.00     0.00
  14-Jul-74     3117     0.00     2.13     2.13
  15-Jul-74     3118     0.00     0.00     0.00
  16-Jul-74     3119     0.00     0.00     0.00
  17-Jul-74     3120     0.00     0.00     0.00
  18-Jul-74     3121     0.00     0.00     0.00
  19-Jul-74     3122     0.00     0.00     0.00
  20-Jul-74     3123     0.00     0.00     0.00
  21-Jul-74     3124     0.00     0.00     0.00
  22-Jul-74     3125     0.00     0.00     0.00
  23-Jul-74     3126     0.00     0.64     0.64
  24-Jul-74     3127     0.00     0.00     0.00
  25-Jul-74     3128     0.00     0.00     0.00
  26-Jul-74     3129     0.00     2.29     2.29
  27-Jul-74     3130     0.00     0.00     0.00
  28-Jul-74     3131     0.00     0.34     0.34
  29-Jul-74     3132     0.00     0.00     0.00
  30-Jul-74     3133     0.00     1.17     1.17
  31-Jul-74     3134     0.00     0.25     0.25
  01-Aug-74     3135     0.00     3.71     3.71
  02-Aug-74     3136     0.00     0.61     0.61
  03-Aug-74     3137     0.00     0.46     0.46
  04-Aug-74     3138     0.00     0.84     0.84
  05-Aug-74     3139     0.00     0.00     0.00
  06-Aug-74     3140     0.00     0.58     0.58
  07-Aug-74     3141     0.00     0.32     0.32
  08-Aug-74     3142     0.00     0.00     0.00
  09-Aug-74     3143     0.00     1.12     1.12
  10-Aug-74     3144     0.00     0.00     0.00
  11-Aug-74     3145     0.00     0.00     0.00
  12-Aug-74     3146     0.00     0.00     0.00
  13-Aug-74     3147     0.00     0.00     0.00
  14-Aug-74     3148     0.00     0.00     0.00
  15-Aug-74     3149     0.00     0.00     0.00
  16-Aug-74     3150     0.00     0.46     0.46
  17-Aug-74     3151     0.00     0.00     0.00
  18-Aug-74     3152     0.00     0.00     0.00
  19-Aug-74     3153     0.00     0.00     0.00
  20-Aug-74     3154     1.36     0.00     1.36
  21-Aug-74     3155     1.07     0.77     1.84
  22-Aug-74     3156     0.00     1.23     1.23
  23-Aug-74     3157     0.00     0.00     0.00
  24-Aug-74     3158     0.67     0.50     1.17
  25-Aug-74     3159     0.00     0.00     0.00
  26-Aug-74     3160     0.00     3.52     3.52
  27-Aug-74     3161     0.00     0.00     0.00
  28-Aug-74     3162     0.00     0.00     0.00
  29-Aug-74     3163     0.00     0.00     0.00
  30-Aug-74     3164     0.00     0.00     0.00
  31-Aug-74     3165     0.00     0.00     0.00
  01-Sep-74     3166     0.00     0.00     0.00
  02-Sep-74     3167     0.00     0.00     0.00
  03-Sep-74     3168     0.00     0.00     0.00
  04-Sep-74     3169     0.00     0.00     0.00
  05-Sep-74     3170     0.00     0.72     0.72
  06-Sep-74     3171     0.00     0.00     0.00
  07-Sep-74     3172     0.00     1.50     1.50
  08-Sep-74     3173     0.13     0.00     0.13
  09-Sep-74     3174     1.88     0.00     1.88
  10-Sep-74     3175    18.76     0.00    18.76
  11-Sep-74     3176     0.50     0.08     0.58
  12-Sep-74     3177     0.83     0.33     1.17
  13-Sep-74     3178     0.76    20.10    20.86
  14-Sep-74     3179     0.60     0.47     1.07
  15-Sep-74     3180     0.00     0.00     0.00
  16-Sep-74     3181     0.73     0.00     0.73
  17-Sep-74     3182     1.48     0.00     1.48
  18-Sep-74     3183    14.40     0.17    14.57
  19-Sep-74     3184    13.88     0.00    13.88
  20-Sep-74     3185     0.63     0.00     0.63
  21-Sep-74     3186     0.30     0.00     0.30
  22-Sep-74     3187     0.40     0.00     0.40
  23-Sep-74     3188     1.86     0.00     1.86
  24-Sep-74     3189     0.00     0.00     0.00
  25-Sep-74     3190     0.00     0.00     0.00
  26-Sep-74     3191     0.00     0.00     0.00
  27-Sep-74     3192     0.00     0.00     0.00
  28-Sep-74     3193     0.00     0.00     0.00
  29-Sep-74     3194     0.00     1.25     1.25
  30-Sep-74     3195     0.00     4.61     4.61
  01-Oct-74     3196     0.00     0.42     0.42
  02-Oct-74     3197     0.00     0.00     0.00
  03-Oct-74     3198     2.89     0.00     2.89
  04-Oct-74     3199     0.00     0.00     0.00
  05-Oct-74     3200     1.11     0.43     1.54
  06-Oct-74     3201     5.68     0.00     5.68
  07-Oct-74     3202     2.00     0.00     2.00
  08-Oct-74     3203     2.07     0.00     2.07
  09-Oct-74     3204     1.14     0.00     1.14
  10-Oct-74     3205     3.55     0.00     3.55
  11-Oct-74     3206    12.51     0.00    12.51
  12-Oct-74     3207     4.17     0.00     4.17
  13-Oct-74     3208    10.34     0.00    10.34
  14-Oct-74     3209     0.58     0.00     0.58
  15-Oct-74     3210    10.91     0.00    10.91
  16-Oct-74     3211    10.74     0.00    10.74
  17-Oct-74     3212     2.64     0.00     2.64
  18-Oct-74     3213     0.76     0.00     0.76
  19-Oct-74     3214     0.00     0.00     0.00
  20-Oct-74     3215     0.00     0.00     0.00
  21-Oct-74     3216     0.00     0.00     0.00
  22-Oct-74     3217     0.00     0.00     0.00
  23-Oct-74     3218     0.00     0.24     0.24
  24-Oct-74     3219     0.00     0.00     0.00
  25-Oct-74     3220     0.00     0.00     0.00
  26-Oct-74     3221     0.00     0.00     0.00
  27-Oct-74     3222     0.00     0.00     0.00
  28-Oct-74     3223     0.00     0.00     0.00
  29-Oct-74     3224     0.00     0.00     0.00
  30-Oct-74     3225     0.00     0.00     0.00
  31-Oct-74     3226     0.36     0.00     0.36
  01-Nov-74     3227     0.17     0.84     1.01
  02-Nov-74     3228     0.00     0.00     0.00
  03-Nov-74     3229     0.75     0.00     0.75
  04-Nov-74     3230     5.36     0.00     5.36
  05-Nov-74     3231     2.62     5.45     8.07
  06-Nov-74     3232     3.58     2.58     6.17
  07-Nov-74     3233     0.00     0.00     0.00
  08-Nov-74     3234     0.00     0.00     0.00
  09-Nov-74     3235     0.00     0.00     0.00
  10-Nov-74     3236     2.46     0.00     2.46
  11-Nov-74     3237     0.00     0.00     0.00
  12-Nov-74     3238     0.00     0.00     0.00
  13-Nov-74     3239     0.00     0.00     0.00
  14-Nov-74     3240     0.00     0.00     0.00
  15-Nov-74     3241     0.29     0.00     0.29
  16-Nov-74     3242     0.26     0.00     0.26
  17-Nov-74     3243     0.00     0.00     0.00
  18-Nov-74     3244     0.43     0.00     0.43
  19-Nov-74     3245     0.83     0.00     0.83
  20-Nov-74     3246     0.00     0.00     0.00
  21-Nov-74     3247     0.00     0.00     0.00
  22-Nov-74     3248     0.00     0.00     0.00
  23-Nov-74     3249     0.00     0.00     0.00
  24-Nov-74     3250     0.00     0.00     0.00
  25-Nov-74     3251     0.00     0.00     0.00
  26-Nov-74     3252     0.00     0.00     0.00
  27-Nov-74     3253     0.21     0.00     0.21
  28-Nov-74     3254     0.00     0.00     0.00
  29-Nov-74     3255     1.64     0.00     1.64
  30-Nov-74     3256     0.50     0.00     0.50
  01-Dec-74     3257     0.00     0.00     0.00
  02-Dec-74     3258     0.00     0.00     0.00
  03-Dec-74     3259     0.00     0.00     0.00
  04-Dec-74     3260     0.00     0.00     0.00
  05-Dec-74     3261     0.00     0.00     0.00
  06-Dec-74     3262     0.00     0.00     0.00
  07-Dec-74     3263     0.00     0.00     0.00
  08-Dec-74     3264     0.00     0.00     0.00
  09-Dec-74     3265     0.00     0.00     0.00
  10-Dec-74     3266     0.00     0.00     0.00
  11-Dec-74     3267     0.00     0.00     0.00
  12-Dec-74     3268     0.58     0.00     0.58
  13-Dec-74     3269     0.00     0.00     0.00
  14-Dec-74     3270     1.58     0.00     1.58
  15-Dec-74     3271     0.00     0.00     0.00
  16-Dec-74     3272     0.00     0.00     0.00
  17-Dec-74     3273     0.29     0.00     0.29
  18-Dec-74     3274     0.00     0.00     0.00
  19-Dec-74     3275     1.21     0.00     1.21
  20-Dec-74     3276     0.00     0.00     0.00
  21-Dec-74     3277     0.00     0.00     0.00
  22-Dec-74     3278     6.14     0.00     6.14
  23-Dec-74     3279     2.44     0.00     2.44
  24-Dec-74     3280     0.00     0.00     0.00
  25-Dec-74     3281     5.25     0.00     5.25
  26-Dec-74     3282     0.00     0.00     0.00
  27-Dec-74     3283     0.00     1.79     1.79
  28-Dec-74     3284     0.00     0.00     0.00
  29-Dec-74     3285     0.00     0.81     0.81
  30-Dec-74     3286     0.00     0.00     0.00
  31-Dec-74     3287     0.00     0.00     0.00