
            DAILY SOLAR FLARE INDEX
           01 JAN 1990 - 31 DEC 1990
________________________________________________

  TIME (DAY)            NORTH    SOUTH    TOTAL
================================================
  01-Jan-90     8767     7.65     2.96    10.61
  02-Jan-90     8768     8.81     4.37    13.18
  03-Jan-90     8769     3.08     3.71     6.79
  04-Jan-90     8770     1.88     2.91     4.79
  05-Jan-90     8771     2.10     5.08     7.18
  06-Jan-90     8772     3.38    13.48    16.86
  07-Jan-90     8773     0.27     4.50     4.77
  08-Jan-90     8774     1.64    18.52    20.16
  09-Jan-90     8775     0.00     7.34     7.34
  10-Jan-90     8776     2.42     6.90     9.32
  11-Jan-90     8777     2.17     2.35     4.52
  12-Jan-90     8778     4.34     1.87     6.21
  13-Jan-90     8779     4.35     2.40     6.75
  14-Jan-90     8780     4.33     0.56     4.89
  15-Jan-90     8781     2.54     1.90     4.44
  16-Jan-90     8782     3.49    10.05    13.54
  17-Jan-90     8783     3.81     9.25    13.06
  18-Jan-90     8784     1.58     1.94     3.52
  19-Jan-90     8785     2.73    13.17    15.90
  20-Jan-90     8786    10.42    14.13    24.55
  21-Jan-90     8787     4.87    27.76    32.63
  22-Jan-90     8788     4.82    23.58    28.40
  23-Jan-90     8789     7.13    14.80    21.93
  24-Jan-90     8790     2.58    18.13    20.71
  25-Jan-90     8791     4.33     3.88     8.21
  26-Jan-90     8792     7.75     2.34    10.09
  27-Jan-90     8793     2.73     4.34     7.07
  28-Jan-90     8794     2.28    10.27    12.55
  29-Jan-90     8795     2.60    18.80    21.40
  30-Jan-90     8796     5.69     5.04    10.73
  31-Jan-90     8797     7.90     5.77    13.67
  01-Feb-90     8798     6.10     2.01     8.11
  02-Feb-90     8799     1.83     1.65     3.48
  03-Feb-90     8800     4.61     1.94     6.55
  04-Feb-90     8801     5.79     0.00     5.79
  05-Feb-90     8802     3.65     0.42     4.07
  06-Feb-90     8803     9.54     0.00     9.54
  07-Feb-90     8804     2.15     0.00     2.15
  08-Feb-90     8805     1.68     6.05     7.73
  09-Feb-90     8806     1.50     3.89     5.39
  10-Feb-90     8807     1.41     0.11     1.52
  11-Feb-90     8808     1.62     0.00     1.62
  12-Feb-90     8809     5.93     0.00     5.93
  13-Feb-90     8810     3.14     0.00     3.14
  14-Feb-90     8811     2.22     0.19     2.41
  15-Feb-90     8812     3.55     0.00     3.55
  16-Feb-90     8813     1.25     0.88     2.13
  17-Feb-90     8814     4.94     2.27     7.21
  18-Feb-90     8815    12.56     2.15    14.71
  19-Feb-90     8816     7.77    16.24    24.01
  20-Feb-90     8817     0.00     7.04     7.04
  21-Feb-90     8818     6.88     1.81     8.69
  22-Feb-90     8819     8.22     6.11    14.33
  23-Feb-90     8820     1.73    11.44    13.17
  24-Feb-90     8821     6.90     7.73    14.63
  25-Feb-90     8822     4.09    10.97    15.06
  26-Feb-90     8823     4.66     4.97     9.63
  27-Feb-90     8824    18.70    11.89    30.59
  28-Feb-90     8825    26.57     2.13    28.70
  01-Mar-90     8826    16.10     9.66    25.76
  02-Mar-90     8827     8.94     6.52    15.46
  03-Mar-90     8828     2.47     6.47     8.94
  04-Mar-90     8829     0.25     1.87     2.12
  05-Mar-90     8830     4.51     1.59     6.10
  06-Mar-90     8831     3.56    13.63    17.19
  07-Mar-90     8832     5.25     6.13    11.38
  08-Mar-90     8833    10.96     7.16    18.12
  09-Mar-90     8834     0.00     1.18     1.18
  10-Mar-90     8835     0.56     0.00     0.56
  11-Mar-90     8836     4.31     0.26     4.57
  12-Mar-90     8837    10.04     0.11    10.15
  13-Mar-90     8838     9.65     5.40    15.05
  14-Mar-90     8839     9.27     7.43    16.70
  15-Mar-90     8840     7.65     4.68    12.33
  16-Mar-90     8841     4.94     7.39    12.33
  17-Mar-90     8842     3.35     3.20     6.55
  18-Mar-90     8843     8.98     8.25    17.23
  19-Mar-90     8844    13.12    10.89    24.01
  20-Mar-90     8845     3.18    17.57    20.75
  21-Mar-90     8846     2.88    19.94    22.82
  22-Mar-90     8847     8.79    24.52    33.31
  23-Mar-90     8848     0.67    11.07    11.74
  24-Mar-90     8849     0.00    14.21    14.21
  25-Mar-90     8850     0.00    18.56    18.56
  26-Mar-90     8851     1.14    15.18    16.32
  27-Mar-90     8852     1.23    22.29    23.52
  28-Mar-90     8853     8.75    25.94    34.69
  29-Mar-90     8854     2.82     4.40     7.22
  30-Mar-90     8855     1.38     3.00     4.38
  31-Mar-90     8856     0.29     0.99     1.28
  01-Apr-90     8857     0.15     1.79     1.94
  02-Apr-90     8858     4.33     3.75     8.08
  03-Apr-90     8859     8.92     0.38     9.30
  04-Apr-90     8860     9.33     0.42     9.75
  05-Apr-90     8861     7.89     2.34    10.23
  06-Apr-90     8862     3.20     0.00     3.20
  07-Apr-90     8863     1.77     0.00     1.77
  08-Apr-90     8864    14.08     0.54    14.62
  09-Apr-90     8865     2.71     0.35     3.06
  10-Apr-90     8866     5.04     0.00     5.04
  11-Apr-90     8867     3.07     0.00     3.07
  12-Apr-90     8868     1.39     0.00     1.39
  13-Apr-90     8869     3.32     4.85     8.17
  14-Apr-90     8870    10.25     6.95    17.20
  15-Apr-90     8871    18.04     7.83    25.87
  16-Apr-90     8872     6.43    10.39    16.82
  17-Apr-90     8873     9.00     7.92    16.92
  18-Apr-90     8874     0.98    18.35    19.33
  19-Apr-90     8875     8.27     9.14    17.41
  20-Apr-90     8876     3.70    14.23    17.93
  21-Apr-90     8877     3.91    15.55    19.46
  22-Apr-90     8878     7.92     3.20    11.12
  23-Apr-90     8879     3.31     7.38    10.69
  24-Apr-90     8880    10.44     2.59    13.03
  25-Apr-90     8881     6.60     0.99     7.59
  26-Apr-90     8882    13.57     1.26    14.83
  27-Apr-90     8883     8.83     2.09    10.92
  28-Apr-90     8884     1.44     2.42     3.86
  29-Apr-90     8885     1.48     1.35     2.83
  30-Apr-90     8886     2.78     0.00     2.78
  01-May-90     8887     1.87     0.92     2.79
  02-May-90     8888     0.00     0.00     0.00
  03-May-90     8889     1.52     0.69     2.21
  04-May-90     8890     4.15     1.24     5.39
  05-May-90     8891     0.41     0.71     1.12
  06-May-90     8892     2.42     4.94     7.36
  07-May-90     8893     4.27     3.73     8.00
  08-May-90     8894     8.25     8.33    16.58
  09-May-90     8895     4.88     5.67    10.55
  10-May-90     8896     5.70     4.45    10.15
  11-May-90     8897     7.65     3.71    11.36
  12-May-90     8898    14.38     2.14    16.52
  13-May-90     8899     9.75    13.13    22.88
  14-May-90     8900     6.89     5.23    12.12
  15-May-90     8901    28.48     7.92    36.40
  16-May-90     8902    13.13    11.81    24.94
  17-May-90     8903     5.65     9.15    14.80
  18-May-90     8904     2.95     7.95    10.90
  19-May-90     8905     2.29    19.26    21.55
  20-May-90     8906    16.15    10.58    26.73
  21-May-90     8907    25.30    11.41    36.71
  22-May-90     8908     1.58     9.96    11.54
  23-May-90     8909     5.50    13.01    18.51
  24-May-90     8910     6.15     5.85    12.00
  25-May-90     8911     6.33     2.67     9.00
  26-May-90     8912     7.23     2.79    10.02
  27-May-90     8913     6.50     0.31     6.81
  28-May-90     8914     2.60     1.46     4.06
  29-May-90     8915     3.03     3.26     6.29
  30-May-90     8916     3.16     1.53     4.69
  31-May-90     8917     3.63     1.38     5.01
  01-Jun-90     8918     3.50     0.89     4.39
  02-Jun-90     8919     1.96     0.00     1.96
  03-Jun-90     8920     2.22     1.17     3.39
  04-Jun-90     8921     5.50     1.60     7.10
  05-Jun-90     8922     1.78     3.08     4.86
  06-Jun-90     8923     1.60     4.42     6.02
  07-Jun-90     8924     6.10     2.58     8.68
  08-Jun-90     8925     2.68     0.32     3.00
  09-Jun-90     8926     5.28     3.78     9.06
  10-Jun-90     8927    21.29     0.58    21.87
  11-Jun-90     8928     6.29     4.12    10.41
  12-Jun-90     8929    22.08     4.10    26.18
  13-Jun-90     8930    13.67     9.26    22.93
  14-Jun-90     8931     4.77     5.77    10.54
  15-Jun-90     8932    10.39    18.03    28.42
  16-Jun-90     8933     0.67     3.98     4.65
  17-Jun-90     8934     2.00     2.90     4.90
  18-Jun-90     8935     0.70     0.23     0.93
  19-Jun-90     8936     0.35     0.81     1.16
  20-Jun-90     8937     7.44     3.53    10.97
  21-Jun-90     8938     0.30     0.58     0.88
  22-Jun-90     8939     0.40     2.79     3.19
  23-Jun-90     8940     1.27     5.15     6.42
  24-Jun-90     8941     4.24     4.94     9.18
  25-Jun-90     8942     0.27     4.70     4.97
  26-Jun-90     8943    11.98     9.98    21.96
  27-Jun-90     8944     5.79     3.89     9.68
  28-Jun-90     8945    10.79    10.02    20.81
  29-Jun-90     8946    11.87    15.21    27.08
  30-Jun-90     8947     6.06    10.44    16.50
  01-Jul-90     8948     2.77    16.65    19.42
  02-Jul-90     8949     4.70     7.73    12.43
  03-Jul-90     8950     0.92     4.35     5.27
  04-Jul-90     8951     6.51     9.57    16.08
  05-Jul-90     8952    16.93     8.85    25.78
  06-Jul-90     8953     7.97     7.36    15.33
  07-Jul-90     8954    13.36    12.23    25.59
  08-Jul-90     8955     3.69     4.31     8.00
  09-Jul-90     8956     7.41     0.37     7.78
  10-Jul-90     8957    17.10     3.83    20.93
  11-Jul-90     8958    21.79     0.34    22.13
  12-Jul-90     8959     3.23     3.08     6.31
  13-Jul-90     8960     8.10     0.40     8.50
  14-Jul-90     8961     1.27     1.22     2.49
  15-Jul-90     8962     7.28     1.10     8.38
  16-Jul-90     8963     2.00     1.54     3.54
  17-Jul-90     8964     0.00     1.79     1.79
  18-Jul-90     8965     0.08     5.65     5.73
  19-Jul-90     8966     0.96     2.83     3.79
  20-Jul-90     8967     5.56     0.79     6.35
  21-Jul-90     8968     2.76     0.50     3.26
  22-Jul-90     8969     4.75     1.08     5.83
  23-Jul-90     8970     6.15     0.96     7.11
  24-Jul-90     8971     4.41     0.33     4.74
  25-Jul-90     8972    14.38    18.02    32.40
  26-Jul-90     8973     5.83     3.91     9.74
  27-Jul-90     8974     2.77     1.77     4.54
  28-Jul-90     8975     2.21     0.58     2.79
  29-Jul-90     8976     3.70     0.00     3.70
  30-Jul-90     8977     9.42     0.66    10.08
  31-Jul-90     8978     0.83     5.54     6.37
  01-Aug-90     8979     2.84     9.41    12.25
  02-Aug-90     8980     2.57     5.23     7.80
  03-Aug-90     8981     2.88     2.41     5.29
  04-Aug-90     8982     1.37     1.31     2.68
  05-Aug-90     8983     1.53     2.30     3.83
  06-Aug-90     8984     3.17     1.40     4.57
  07-Aug-90     8985     3.40     3.65     7.05
  08-Aug-90     8986    12.13     3.94    16.07
  09-Aug-90     8987    10.90     1.52    12.42
  10-Aug-90     8988    22.52     1.15    23.67
  11-Aug-90     8989     2.29     1.82     4.11
  12-Aug-90     8990     3.56     0.00     3.56
  13-Aug-90     8991    14.11     0.83    14.94
  14-Aug-90     8992     6.86     0.59     7.45
  15-Aug-90     8993     1.53     3.89     5.42
  16-Aug-90     8994     3.81     6.46    10.27
  17-Aug-90     8995     5.08     4.63     9.71
  18-Aug-90     8996     3.69    10.54    14.23
  19-Aug-90     8997     6.49    13.29    19.78
  20-Aug-90     8998     2.44     6.68     9.12
  21-Aug-90     8999    12.56    12.42    24.98
  22-Aug-90     9000     3.29    10.61    13.90
  23-Aug-90     9001     1.68    11.91    13.59
  24-Aug-90     9002     7.98    15.69    23.67
  25-Aug-90     9003     3.38     9.98    13.36
  26-Aug-90     9004     8.77    34.63    43.40
  27-Aug-90     9005    21.35     9.60    30.95
  28-Aug-90     9006    19.73     7.65    27.38
  29-Aug-90     9007    13.22    12.39    25.61
  30-Aug-90     9008    12.94     9.71    22.65
  31-Aug-90     9009     8.80     3.16    11.96
  01-Sep-90     9010    13.28     0.21    13.49
  02-Sep-90     9011     4.61     3.93     8.54
  03-Sep-90     9012     5.52     1.76     7.28
  04-Sep-90     9013    16.45     2.04    18.49
  05-Sep-90     9014     9.02     1.47    10.49
  06-Sep-90     9015     0.48     9.54    10.02
  07-Sep-90     9016     4.67     8.00    12.67
  08-Sep-90     9017     5.13     2.42     7.55
  09-Sep-90     9018     3.10     2.46     5.56
  10-Sep-90     9019     0.33     0.98     1.31
  11-Sep-90     9020    14.52     2.19    16.71
  12-Sep-90     9021    12.31     2.98    15.29
  13-Sep-90     9022     3.54     5.63     9.17
  14-Sep-90     9023    12.54     6.68    19.22
  15-Sep-90     9024     1.54     6.81     8.35
  16-Sep-90     9025     2.77     2.84     5.61
  17-Sep-90     9026     0.29    21.58    21.87
  18-Sep-90     9027     0.77    12.91    13.68
  19-Sep-90     9028     5.17     7.21    12.38
  20-Sep-90     9029    13.48     6.07    19.55
  21-Sep-90     9030     3.25     4.20     7.45
  22-Sep-90     9031     1.85     3.98     5.83
  23-Sep-90     9032     2.10     0.87     2.97
  24-Sep-90     9033     6.75     3.29    10.04
  25-Sep-90     9034     6.51     2.11     8.62
  26-Sep-90     9035     0.33    12.21    12.54
  27-Sep-90     9036     0.21     2.92     3.13
  28-Sep-90     9037     1.08     3.45     4.53
  29-Sep-90     9038     0.88     6.00     6.88
  30-Sep-90     9039     0.30     8.71     9.01
  01-Oct-90     9040     0.26     6.09     6.35
  02-Oct-90     9041     8.35     8.08    16.43
  03-Oct-90     9042    10.45     4.79    15.24
  04-Oct-90     9043     4.26     1.45     5.71
  05-Oct-90     9044     2.85     3.94     6.79
  06-Oct-90     9045     2.21     2.48     4.69
  07-Oct-90     9046     1.02     3.63     4.65
  08-Oct-90     9047     3.59     6.49    10.08
  09-Oct-90     9048     2.17    10.04    12.21
  10-Oct-90     9049     4.04    10.85    14.89
  11-Oct-90     9050     4.46     3.56     8.02
  12-Oct-90     9051     4.31     6.31    10.62
  13-Oct-90     9052     5.92     6.67    12.59
  14-Oct-90     9053     8.60    10.00    18.60
  15-Oct-90     9054     9.96    16.48    26.44
  16-Oct-90     9055    10.75     1.90    12.65
  17-Oct-90     9056     2.25    13.46    15.71
  18-Oct-90     9057     8.22     8.28    16.50
  19-Oct-90     9058    10.11     4.51    14.62
  20-Oct-90     9059     2.90     7.16    10.06
  21-Oct-90     9060    18.38     2.08    20.46
  22-Oct-90     9061     7.65     3.10    10.75
  23-Oct-90     9062    11.00     2.74    13.74
  24-Oct-90     9063     4.14    13.39    17.53
  25-Oct-90     9064    15.46     4.98    20.44
  26-Oct-90     9065     7.83     4.09    11.92
  27-Oct-90     9066     7.38     0.88     8.26
  28-Oct-90     9067     3.48     0.21     3.69
  29-Oct-90     9068     2.13     1.47     3.60
  30-Oct-90     9069     0.13     2.58     2.71
  31-Oct-90     9070     0.00     3.91     3.91
  01-Nov-90     9071     0.00     7.31     7.31
  02-Nov-90     9072     0.00     1.26     1.26
  03-Nov-90     9073     0.00     3.39     3.39
  04-Nov-90     9074     2.78    10.02    12.80
  05-Nov-90     9075     5.36    14.05    19.41
  06-Nov-90     9076    18.63     8.07    26.70
  07-Nov-90     9077    10.44    13.47    23.91
  08-Nov-90     9078    19.74    12.38    32.12
  09-Nov-90     9079    11.80     8.10    19.90
  10-Nov-90     9080     8.83     4.42    13.25
  11-Nov-90     9081     7.02     6.40    13.42
  12-Nov-90     9082     7.01     3.10    10.11
  13-Nov-90     9083     9.98     1.29    11.27
  14-Nov-90     9084    10.44     4.85    15.29
  15-Nov-90     9085     4.77     5.94    10.71
  16-Nov-90     9086    10.15     5.06    15.21
  17-Nov-90     9087    19.21     0.13    19.34
  18-Nov-90     9088    24.65     0.31    24.96
  19-Nov-90     9089    25.38     0.00    25.38
  20-Nov-90     9090    11.29     0.00    11.29
  21-Nov-90     9091     8.44     0.21     8.65
  22-Nov-90     9092     3.29     0.00     3.29
  23-Nov-90     9093    14.40     0.79    15.19
  24-Nov-90     9094     8.38    10.44    18.82
  25-Nov-90     9095    10.60     4.98    15.58
  26-Nov-90     9096     7.10     6.57    13.67
  27-Nov-90     9097     1.63     3.83     5.46
  28-Nov-90     9098     0.50     7.30     7.80
  29-Nov-90     9099     0.92     6.19     7.11
  30-Nov-90     9100     7.71    12.21    19.92
  01-Dec-90     9101     2.12     1.37     3.49
  02-Dec-90     9102     3.78     6.27    10.05
  03-Dec-90     9103     4.39     1.97     6.36
  04-Dec-90     9104    21.25     5.19    26.44
  05-Dec-90     9105    14.81     9.03    23.84
  06-Dec-90     9106     5.89     4.11    10.00
  07-Dec-90     9107     8.25     4.73    12.98
  08-Dec-90     9108     9.65     7.19    16.84
  09-Dec-90     9109    11.29     2.78    14.07
  10-Dec-90     9110    40.36     7.01    47.37
  11-Dec-90     9111    21.19     4.83    26.02
  12-Dec-90     9112    25.96     1.45    27.41
  13-Dec-90     9113    10.13     0.63    10.76
  14-Dec-90     9114    13.58     0.00    13.58
  15-Dec-90     9115    13.33     0.00    13.33
  16-Dec-90     9116    11.54     0.00    11.54
  17-Dec-90     9117    16.66     0.00    16.66
  18-Dec-90     9118    18.29     0.13    18.42
  19-Dec-90     9119    27.38     0.69    28.07
  20-Dec-90     9120    13.88     4.36    18.24
  21-Dec-90     9121     5.02     2.00     7.02
  22-Dec-90     9122     3.69    30.59    34.28
  23-Dec-90     9123     8.48     2.96    11.44
  24-Dec-90     9124     6.96     8.55    15.51
  25-Dec-90     9125     0.00     9.12     9.12
  26-Dec-90     9126     0.00    19.68    19.68
  27-Dec-90     9127     0.18    14.87    15.05
  28-Dec-90     9128     2.79     6.74     9.53
  29-Dec-90     9129     0.00     7.02     7.02
  30-Dec-90     9130     0.00     8.94     8.94
  31-Dec-90     9131     0.00     8.77     8.77