
            DAILY SOLAR FLARE INDEX
           01 JAN 1971 - 31 DEC 1971
________________________________________________

  TIME (DAY)            NORTH    SOUTH    TOTAL
================================================
  01-Jan-71     1827     0.92     0.00     0.92
  02-Jan-71     1828     0.00     0.50     0.50
  03-Jan-71     1829     0.00     0.00     0.00
  04-Jan-71     1830     5.88     0.00     5.88
  05-Jan-71     1831     0.17     0.75     0.92
  06-Jan-71     1832     1.17     0.00     1.17
  07-Jan-71     1833     0.00     0.79     0.79
  08-Jan-71     1834     0.00     0.45     0.45
  09-Jan-71     1835     1.38     1.92     3.29
  10-Jan-71     1836     0.33     1.13     1.46
  11-Jan-71     1837     1.74     0.36     2.10
  12-Jan-71     1838     0.40     2.68     3.08
  13-Jan-71     1839     0.00     0.72     0.72
  14-Jan-71     1840     0.18     2.96     3.14
  15-Jan-71     1841     0.26     0.35     0.61
  16-Jan-71     1842    12.83     1.67    14.50
  17-Jan-71     1843     0.29     0.00     0.29
  18-Jan-71     1844     1.92     0.00     1.92
  19-Jan-71     1845     3.68     0.00     3.68
  20-Jan-71     1846     0.00     1.50     1.50
  21-Jan-71     1847     2.81     0.00     2.81
  22-Jan-71     1848     4.54     0.00     4.54
  23-Jan-71     1849     1.94     0.46     2.41
  24-Jan-71     1850    24.50     0.00    24.50
  25-Jan-71     1851     0.00     0.00     0.00
  26-Jan-71     1852     1.26     0.83     2.09
  27-Jan-71     1853     3.74     0.00     3.74
  28-Jan-71     1854     1.32     0.00     1.32
  29-Jan-71     1855     1.71     2.29     4.00
  30-Jan-71     1856     0.17     2.54     2.71
  31-Jan-71     1857     0.00     5.11     5.11
  01-Feb-71     1858     0.00     0.30     0.30
  02-Feb-71     1859     0.00     2.50     2.50
  03-Feb-71     1860     0.00     5.33     5.33
  04-Feb-71     1861     1.32     0.34     1.67
  05-Feb-71     1862     1.42     5.83     7.25
  06-Feb-71     1863     7.42     0.50     7.92
  07-Feb-71     1864     0.00     0.00     0.00
  08-Feb-71     1865     2.88     0.00     2.88
  09-Feb-71     1866     0.00     0.00     0.00
  10-Feb-71     1867     0.00     0.21     0.21
  11-Feb-71     1868     9.04     0.00     9.04
  12-Feb-71     1869     0.46     0.00     0.46
  13-Feb-71     1870     0.00     0.00     0.00
  14-Feb-71     1871     0.75     1.83     2.58
  15-Feb-71     1872     2.71     0.71     3.42
  16-Feb-71     1873     0.67     1.00     1.67
  17-Feb-71     1874     1.22     2.27     3.49
  18-Feb-71     1875     0.75     2.17     2.92
  19-Feb-71     1876     1.66     6.90     8.56
  20-Feb-71     1877     5.38     0.00     5.38
  21-Feb-71     1878     0.29     0.42     0.71
  22-Feb-71     1879     2.00     2.63     4.63
  23-Feb-71     1880     5.50     0.00     5.50
  24-Feb-71     1881     0.00     0.00     0.00
  25-Feb-71     1882     0.00     0.00     0.00
  26-Feb-71     1883     0.50     1.67     2.17
  27-Feb-71     1884     0.29     0.17     0.46
  28-Feb-71     1885     0.58     0.00     0.58
  01-Mar-71     1886     0.00     0.42     0.42
  02-Mar-71     1887     0.00     0.00     0.00
  03-Mar-71     1888     0.00     1.00     1.00
  04-Mar-71     1889     0.00     2.71     2.71
  05-Mar-71     1890     0.25     0.00     0.25
  06-Mar-71     1891     0.00     0.00     0.00
  07-Mar-71     1892     1.50     4.67     6.17
  08-Mar-71     1893     0.29     0.00     0.29
  09-Mar-71     1894     0.00     0.00     0.00
  10-Mar-71     1895     0.00     0.00     0.00
  11-Mar-71     1896     0.00     0.00     0.00
  12-Mar-71     1897     0.34     0.00     0.34
  13-Mar-71     1898     7.08     0.17     7.25
  14-Mar-71     1899     0.00     0.00     0.00
  15-Mar-71     1900     2.67     0.00     2.67
  16-Mar-71     1901     0.83     0.00     0.83
  17-Mar-71     1902     0.33     1.25     1.58
  18-Mar-71     1903     0.00     1.92     1.92
  19-Mar-71     1904     0.00     0.83     0.83
  20-Mar-71     1905     0.00     0.00     0.00
  21-Mar-71     1906     0.00     0.33     0.33
  22-Mar-71     1907     0.00     0.00     0.00
  23-Mar-71     1908     0.00     0.00     0.00
  24-Mar-71     1909     0.00     1.00     1.00
  25-Mar-71     1910     0.00     1.29     1.29
  26-Mar-71     1911     0.00     0.88     0.88
  27-Mar-71     1912     0.42     0.00     0.42
  28-Mar-71     1913     0.00     0.42     0.42
  29-Mar-71     1914     0.00     2.67     2.67
  30-Mar-71     1915     0.33     5.21     5.54
  31-Mar-71     1916     0.00     0.00     0.00
  01-Apr-71     1917     0.00     4.50     4.50
  02-Apr-71     1918     0.00     2.67     2.67
  03-Apr-71     1919     0.00     0.33     0.33
  04-Apr-71     1920     0.00     7.50     7.50
  05-Apr-71     1921     0.00     0.42     0.42
  06-Apr-71     1922     4.83     1.00     5.83
  07-Apr-71     1923     1.13     2.17     3.29
  08-Apr-71     1924     2.17     1.58     3.75
  09-Apr-71     1925     0.29     0.00     0.29
  10-Apr-71     1926     0.00     0.00     0.00
  11-Apr-71     1927     0.00     2.50     2.50
  12-Apr-71     1928     0.00     0.58     0.58
  13-Apr-71     1929     2.58     1.67     4.25
  14-Apr-71     1930     2.08     3.25     5.33
  15-Apr-71     1931     1.29     0.00     1.29
  16-Apr-71     1932     1.25     0.33     1.58
  17-Apr-71     1933     2.25     0.00     2.25
  18-Apr-71     1934     2.75     0.92     3.67
  19-Apr-71     1935     0.21     4.07     4.28
  20-Apr-71     1936    10.04    10.13    20.17
  21-Apr-71     1937     1.63     0.38     2.00
  22-Apr-71     1938     1.67     0.00     1.67
  23-Apr-71     1939     1.54     1.25     2.79
  24-Apr-71     1940     1.92     0.00     1.92
  25-Apr-71     1941     0.00     0.45     0.45
  26-Apr-71     1942     1.00     1.88     2.88
  27-Apr-71     1943     0.00     0.00     0.00
  28-Apr-71     1944     0.00     0.00     0.00
  29-Apr-71     1945     0.00     0.77     0.77
  30-Apr-71     1946     0.00     0.00     0.00
  01-May-71     1947     0.00     0.00     0.00
  02-May-71     1948     3.51     0.00     3.51
  03-May-71     1949     0.33     0.50     0.83
  04-May-71     1950     0.88     0.00     0.88
  05-May-71     1951     4.24     0.00     4.24
  06-May-71     1952     0.75     0.00     0.75
  07-May-71     1953     1.52     0.00     1.52
  08-May-71     1954     1.88     0.00     1.88
  09-May-71     1955     0.42     0.00     0.42
  10-May-71     1956     1.12     0.00     1.12
  11-May-71     1957     2.08     0.00     2.08
  12-May-71     1958     8.13     0.00     8.13
  13-May-71     1959     3.29     0.00     3.29
  14-May-71     1960     7.31     0.00     7.31
  15-May-71     1961     0.00     0.00     0.00
  16-May-71     1962     0.00     0.00     0.00
  17-May-71     1963     0.33     0.00     0.33
  18-May-71     1964     3.42     0.58     4.00
  19-May-71     1965     2.17     0.00     2.17
  20-May-71     1966     8.42     0.00     8.42
  21-May-71     1967     0.00     0.00     0.00
  22-May-71     1968     1.33     0.00     1.33
  23-May-71     1969     0.00     0.00     0.00
  24-May-71     1970     2.25     0.00     2.25
  25-May-71     1971     2.75     0.00     2.75
  26-May-71     1972     0.00     0.00     0.00
  27-May-71     1973     0.00     0.42     0.42
  28-May-71     1974     0.00     1.00     1.00
  29-May-71     1975     0.42     0.25     0.67
  30-May-71     1976     0.00     0.00     0.00
  31-May-71     1977     1.61     0.34     1.95
  01-Jun-71     1978     0.00     0.00     0.00
  02-Jun-71     1979     0.00     0.00     0.00
  03-Jun-71     1980     0.59     1.72     2.31
  04-Jun-71     1981     0.00     0.00     0.00
  05-Jun-71     1982     0.00     0.00     0.00
  06-Jun-71     1983     1.25     0.00     1.25
  07-Jun-71     1984     0.00     0.00     0.00
  08-Jun-71     1985     0.00     0.00     0.00
  09-Jun-71     1986     0.00     0.00     0.00
  10-Jun-71     1987     0.00     0.00     0.00
  11-Jun-71     1988     0.00     0.00     0.00
  12-Jun-71     1989     0.00     0.29     0.29
  13-Jun-71     1990     1.08     0.00     1.08
  14-Jun-71     1991     0.00     0.54     0.54
  15-Jun-71     1992     0.75     0.00     0.75
  16-Jun-71     1993     0.00     0.00     0.00
  17-Jun-71     1994     0.00     0.75     0.75
  18-Jun-71     1995     0.00     0.58     0.58
  19-Jun-71     1996     0.46     0.00     0.46
  20-Jun-71     1997     1.71     0.00     1.71
  21-Jun-71     1998     0.00     0.00     0.00
  22-Jun-71     1999     0.17     3.75     3.92
  23-Jun-71     2000     0.00     1.58     1.58
  24-Jun-71     2001     0.00     1.96     1.96
  25-Jun-71     2002     1.54     0.50     2.04
  26-Jun-71     2003     0.75     0.33     1.08
  27-Jun-71     2004     0.42     0.17     0.58
  28-Jun-71     2005     1.75     5.67     7.42
  29-Jun-71     2006     2.83     1.33     4.17
  30-Jun-71     2007     3.92     0.54     4.46
  01-Jul-71     2008     1.08     6.50     7.58
  02-Jul-71     2009     0.00     6.17     6.17
  03-Jul-71     2010     0.00     0.50     0.50
  04-Jul-71     2011     0.38     0.00     0.38
  05-Jul-71     2012     0.00     2.50     2.50
  06-Jul-71     2013     0.00     1.08     1.08
  07-Jul-71     2014     0.00     6.33     6.33
  08-Jul-71     2015     0.00     1.67     1.67
  09-Jul-71     2016     0.00     0.00     0.00
  10-Jul-71     2017     6.42     0.67     7.08
  11-Jul-71     2018     0.00     1.17     1.17
  12-Jul-71     2019     0.50     0.67     1.17
  13-Jul-71     2020     0.67     0.00     0.67
  14-Jul-71     2021     0.33     0.00     0.33
  15-Jul-71     2022     0.00     0.17     0.17
  16-Jul-71     2023     1.51     0.46     1.97
  17-Jul-71     2024     4.08     0.00     4.08
  18-Jul-71     2025     0.85     0.00     0.85
  19-Jul-71     2026     0.92     0.54     1.46
  20-Jul-71     2027     2.58     0.00     2.58
  21-Jul-71     2028     2.77     0.00     2.77
  22-Jul-71     2029     0.00     0.00     0.00
  23-Jul-71     2030     3.17     0.00     3.17
  24-Jul-71     2031     6.08     0.00     6.08
  25-Jul-71     2032     0.00     0.00     0.00
  26-Jul-71     2033     1.83     0.00     1.83
  27-Jul-71     2034     2.13     0.33     2.46
  28-Jul-71     2035     0.33     2.88     3.21
  29-Jul-71     2036     0.00     0.58     0.58
  30-Jul-71     2037     0.83     0.00     0.83
  31-Jul-71     2038     0.17     1.33     1.50
  01-Aug-71     2039     0.42     0.00     0.42
  02-Aug-71     2040     0.33     0.00     0.33
  03-Aug-71     2041     1.88     5.33     7.21
  04-Aug-71     2042     0.00     7.02     7.02
  05-Aug-71     2043     0.00     6.97     6.97
  06-Aug-71     2044     1.12     7.72     8.84
  07-Aug-71     2045     0.00     0.00     0.00
  08-Aug-71     2046     0.00     0.83     0.83
  09-Aug-71     2047     0.00     2.25     2.25
  10-Aug-71     2048     0.00     0.33     0.33
  11-Aug-71     2049     0.00     3.96     3.96
  12-Aug-71     2050     0.00     0.54     0.54
  13-Aug-71     2051     0.25     2.67     2.92
  14-Aug-71     2052     0.00     0.00     0.00
  15-Aug-71     2053     0.00     0.00     0.00
  16-Aug-71     2054     0.50     0.00     0.50
  17-Aug-71     2055     0.00     0.00     0.00
  18-Aug-71     2056     0.00     3.88     3.88
  19-Aug-71     2057     0.13     5.38     5.50
  20-Aug-71     2058     0.00     2.00     2.00
  21-Aug-71     2059     0.00     3.17     3.17
  22-Aug-71     2060     0.00     6.71     6.71
  23-Aug-71     2061     0.00     3.04     3.04
  24-Aug-71     2062     0.42     1.42     1.83
  25-Aug-71     2063     0.00     0.25     0.25
  26-Aug-71     2064     0.00     0.58     0.58
  27-Aug-71     2065     0.00     1.83     1.83
  28-Aug-71     2066     0.00     7.67     7.67
  29-Aug-71     2067     0.00     0.96     0.96
  30-Aug-71     2068     0.00    13.75    13.75
  31-Aug-71     2069     0.00     0.00     0.00
  01-Sep-71     2070     0.17     0.00     0.17
  02-Sep-71     2071     0.00     0.00     0.00
  03-Sep-71     2072     0.00     0.00     0.00
  04-Sep-71     2073     0.00     0.00     0.00
  05-Sep-71     2074     0.00     5.46     5.46
  06-Sep-71     2075     0.00     3.63     3.63
  07-Sep-71     2076     0.00     2.67     2.67
  08-Sep-71     2077     0.17     0.58     0.75
  09-Sep-71     2078     0.00     0.00     0.00
  10-Sep-71     2079     0.00     0.46     0.46
  11-Sep-71     2080     0.50     0.00     0.50
  12-Sep-71     2081     0.00     0.00     0.00
  13-Sep-71     2082     0.00     3.49     3.49
  14-Sep-71     2083     0.00     1.71     1.71
  15-Sep-71     2084     0.00     3.76     3.76
  16-Sep-71     2085     0.50     0.50     1.00
  17-Sep-71     2086     0.00     8.08     8.08
  18-Sep-71     2087     0.84     2.61     3.45
  19-Sep-71     2088     0.00     2.67     2.67
  20-Sep-71     2089     0.00     0.00     0.00
  21-Sep-71     2090     2.17     0.00     2.17
  22-Sep-71     2091     4.63     0.00     4.63
  23-Sep-71     2092     0.00     0.67     0.67
  24-Sep-71     2093     3.63     2.88     6.50
  25-Sep-71     2094     0.18     0.32     0.50
  26-Sep-71     2095     0.92     0.00     0.92
  27-Sep-71     2096     0.00     1.50     1.50
  28-Sep-71     2097     0.08     1.42     1.50
  29-Sep-71     2098     0.00     0.33     0.33
  30-Sep-71     2099     0.00     0.58     0.58
  01-Oct-71     2100     1.83     0.00     1.83
  02-Oct-71     2101     0.00     0.75     0.75
  03-Oct-71     2102    11.17     0.00    11.17
  04-Oct-71     2103     0.00     0.00     0.00
  05-Oct-71     2104     0.00     0.00     0.00
  06-Oct-71     2105     0.00     0.00     0.00
  07-Oct-71     2106     0.42     0.00     0.42
  08-Oct-71     2107     0.00     0.00     0.00
  09-Oct-71     2108     0.00     0.00     0.00
  10-Oct-71     2109     2.13     0.38     2.50
  11-Oct-71     2110     0.00     0.00     0.00
  12-Oct-71     2111     0.00     1.33     1.33
  13-Oct-71     2112     0.00     0.00     0.00
  14-Oct-71     2113     0.00     0.00     0.00
  15-Oct-71     2114     0.38     0.00     0.38
  16-Oct-71     2115     4.08     0.00     4.08
  17-Oct-71     2116     0.67     0.00     0.67
  18-Oct-71     2117     1.33     0.00     1.33
  19-Oct-71     2118     4.49     0.00     4.49
  20-Oct-71     2119     0.75     0.00     0.75
  21-Oct-71     2120     0.00     0.00     0.00
  22-Oct-71     2121     0.33     0.00     0.33
  23-Oct-71     2122     0.00     0.00     0.00
  24-Oct-71     2123     0.00     0.00     0.00
  25-Oct-71     2124     1.21     0.00     1.21
  26-Oct-71     2125     0.00     0.00     0.00
  27-Oct-71     2126     2.04     0.00     2.04
  28-Oct-71     2127     0.00     0.00     0.00
  29-Oct-71     2128     0.58     0.00     0.58
  30-Oct-71     2129     0.00     0.42     0.42
  31-Oct-71     2130     0.00     0.00     0.00
  01-Nov-71     2131     0.00     0.00     0.00
  02-Nov-71     2132     0.00     1.63     1.63
  03-Nov-71     2133     0.00     0.00     0.00
  04-Nov-71     2134     1.50     0.00     1.50
  05-Nov-71     2135     0.93     0.19     1.12
  06-Nov-71     2136     0.00     0.00     0.00
  07-Nov-71     2137     0.00     0.00     0.00
  08-Nov-71     2138     0.00     0.00     0.00
  09-Nov-71     2139     0.00     0.78     0.78
  10-Nov-71     2140     0.00     0.42     0.42
  11-Nov-71     2141     0.00     0.00     0.00
  12-Nov-71     2142     1.91     3.20     5.11
  13-Nov-71     2143     0.00     0.92     0.92
  14-Nov-71     2144     0.00     1.65     1.65
  15-Nov-71     2145     0.00     4.33     4.33
  16-Nov-71     2146     0.00     1.17     1.17
  17-Nov-71     2147     0.00     1.54     1.54
  18-Nov-71     2148     0.38     0.00     0.38
  19-Nov-71     2149     1.50     0.00     1.50
  20-Nov-71     2150     0.00     0.67     0.67
  21-Nov-71     2151     2.00     0.79     2.79
  22-Nov-71     2152     3.08     0.00     3.08
  23-Nov-71     2153     0.00     5.00     5.00
  24-Nov-71     2154     0.33     2.38     2.71
  25-Nov-71     2155     0.00     0.00     0.00
  26-Nov-71     2156     0.29     2.26     2.55
  27-Nov-71     2157     0.61     0.00     0.61
  28-Nov-71     2158     1.91     0.00     1.91
  29-Nov-71     2159     0.00     0.00     0.00
  30-Nov-71     2160     0.00     0.30     0.30
  01-Dec-71     2161     0.00     0.67     0.67
  02-Dec-71     2162     1.39     9.09    10.48
  03-Dec-71     2163     1.29     0.99     2.28
  04-Dec-71     2164     0.00     0.00     0.00
  05-Dec-71     2165     0.00     0.00     0.00
  06-Dec-71     2166     0.00     0.00     0.00
  07-Dec-71     2167     0.00     2.39     2.39
  08-Dec-71     2168     0.00     0.29     0.29
  09-Dec-71     2169     0.00     0.29     0.29
  10-Dec-71     2170     2.23     0.00     2.23
  11-Dec-71     2171     6.46     0.00     6.46
  12-Dec-71     2172     0.00     0.00     0.00
  13-Dec-71     2173     2.00     0.00     2.00
  14-Dec-71     2174     4.29     0.00     4.29
  15-Dec-71     2175     1.00     0.00     1.00
  16-Dec-71     2176     0.00     4.58     4.58
  17-Dec-71     2177     0.84     0.00     0.84
  18-Dec-71     2178     0.09     0.54     0.63
  19-Dec-71     2179     0.00     0.00     0.00
  20-Dec-71     2180     0.00     2.71     2.71
  21-Dec-71     2181     0.00     0.00     0.00
  22-Dec-71     2182     0.13     0.17     0.30
  23-Dec-71     2183     1.11     1.07     2.18
  24-Dec-71     2184     0.00     0.26     0.26
  25-Dec-71     2185     0.00    10.78    10.78
  26-Dec-71     2186     0.00     0.98     0.98
  27-Dec-71     2187     0.00     0.00     0.00
  28-Dec-71     2188     0.00     0.60     0.60
  29-Dec-71     2189     0.00     0.68     0.68
  30-Dec-71     2190     0.00     1.08     1.08
  31-Dec-71     2191     0.00     0.43     0.43