
            DAILY SOLAR FLARE INDEX
           01 JAN 1992 - 31 DEC 1992
________________________________________________

  TIME (DAY)            NORTH    SOUTH    TOTAL
================================================
  01-Jan-92     9497     0.00    16.99    16.99
  02-Jan-92     9498     0.00    17.78    17.78
  03-Jan-92     9499     0.00    14.81    14.81
  04-Jan-92     9500     0.00    16.32    16.32
  05-Jan-92     9501     1.40    18.71    20.11
  06-Jan-92     9502     1.10     3.31     4.41
  07-Jan-92     9503     5.48     5.72    11.20
  08-Jan-92     9504     3.73     6.69    10.42
  09-Jan-92     9505     0.61     5.78     6.39
  10-Jan-92     9506     0.83     1.24     2.07
  11-Jan-92     9507     1.10     1.58     2.68
  12-Jan-92     9508     0.29     0.45     0.74
  13-Jan-92     9509     0.00     0.00     0.00
  14-Jan-92     9510     0.67     5.76     6.43
  15-Jan-92     9511     0.00    10.25    10.25
  16-Jan-92     9512     0.00     0.45     0.45
  17-Jan-92     9513     0.00     4.93     4.93
  18-Jan-92     9514     0.00     1.22     1.22
  19-Jan-92     9515     5.00     0.45     5.45
  20-Jan-92     9516     0.85     0.00     0.85
  21-Jan-92     9517     2.33     0.35     2.68
  22-Jan-92     9518     4.72     0.66     5.38
  23-Jan-92     9519     0.95     2.18     3.13
  24-Jan-92     9520     1.05     1.54     2.59
  25-Jan-92     9521     1.48    11.06    12.54
  26-Jan-92     9522     3.42    14.35    17.77
  27-Jan-92     9523     0.25     0.51     0.76
  28-Jan-92     9524     3.50     7.29    10.79
  29-Jan-92     9525     2.32    15.04    17.36
  30-Jan-92     9526     2.44    47.32    49.76
  31-Jan-92     9527     4.65    14.58    19.23
  01-Feb-92     9528     1.38     5.56     6.94
  02-Feb-92     9529     3.07    17.16    20.23
  03-Feb-92     9530     6.50    18.02    24.52
  04-Feb-92     9531     1.16     6.50     7.66
  05-Feb-92     9532     3.19     9.43    12.62
  06-Feb-92     9533     3.93    44.94    48.87
  07-Feb-92     9534     0.00    37.14    37.14
  08-Feb-92     9535     1.49     3.83     5.32
  09-Feb-92     9536     4.67     7.40    12.07
  10-Feb-92     9537     4.06     3.43     7.49
  11-Feb-92     9538     3.20     1.99     5.19
  12-Feb-92     9539     2.76     1.68     4.44
  13-Feb-92     9540     1.52     0.78     2.30
  14-Feb-92     9541     3.59    22.74    26.33
  15-Feb-92     9542     1.20    20.18    21.38
  16-Feb-92     9543     3.29    12.85    16.14
  17-Feb-92     9544     4.63    13.36    17.99
  18-Feb-92     9545     6.63     6.71    13.34
  19-Feb-92     9546     7.87     6.04    13.91
  20-Feb-92     9547     3.98     1.58     5.56
  21-Feb-92     9548     7.56    10.93    18.49
  22-Feb-92     9549     2.35     4.25     6.60
  23-Feb-92     9550     1.65     4.25     5.90
  24-Feb-92     9551    34.68     3.86    38.54
  25-Feb-92     9552     8.09     1.36     9.45
  26-Feb-92     9553    10.37     0.48    10.85
  27-Feb-92     9554    35.96     5.90    41.86
  28-Feb-92     9555     5.13     1.63     6.76
  29-Feb-92     9556     2.70    16.26    18.96
  01-Mar-92     9557     1.40     3.45     4.85
  02-Mar-92     9558     0.52     0.22     0.74
  03-Mar-92     9559     0.42     1.77     2.19
  04-Mar-92     9560     1.23     4.65     5.88
  05-Mar-92     9561     1.54     2.41     3.95
  06-Mar-92     9562     0.00     0.41     0.41
  07-Mar-92     9563     0.00     0.81     0.81
  08-Mar-92     9564     0.00    17.11    17.11
  09-Mar-92     9565     2.42     2.96     5.38
  10-Mar-92     9566     0.00     8.96     8.96
  11-Mar-92     9567     0.30     3.78     4.08
  12-Mar-92     9568     0.00     2.96     2.96
  13-Mar-92     9569     0.00     5.17     5.17
  14-Mar-92     9570     0.00     3.38     3.38
  15-Mar-92     9571     0.00    25.51    25.51
  16-Mar-92     9572     0.00     7.33     7.33
  17-Mar-92     9573     1.40     1.96     3.36
  18-Mar-92     9574     2.43     0.11     2.54
  19-Mar-92     9575     0.69     2.00     2.69
  20-Mar-92     9576     1.57     2.55     4.12
  21-Mar-92     9577     6.27     1.65     7.92
  22-Mar-92     9578     1.60     0.19     1.79
  23-Mar-92     9579     2.87     1.76     4.63
  24-Mar-92     9580     4.99     1.12     6.11
  25-Mar-92     9581     5.06     2.48     7.54
  26-Mar-92     9582     5.69     1.85     7.54
  27-Mar-92     9583     2.54     0.98     3.52
  28-Mar-92     9584     0.53     3.30     3.83
  29-Mar-92     9585     0.25     2.50     2.75
  30-Mar-92     9586     0.28     5.50     5.78
  31-Mar-92     9587     0.20     7.68     7.88
  01-Apr-92     9588     1.32    11.64    12.96
  02-Apr-92     9589     0.52     2.51     3.03
  03-Apr-92     9590     7.23     3.00    10.23
  04-Apr-92     9591     2.35     2.71     5.06
  05-Apr-92     9592     0.47     7.95     8.42
  06-Apr-92     9593     1.66    12.10    13.76
  07-Apr-92     9594     0.00     9.68     9.68
  08-Apr-92     9595     0.38     7.35     7.73
  09-Apr-92     9596     0.21     4.92     5.13
  10-Apr-92     9597     0.00     4.49     4.49
  11-Apr-92     9598     0.00     2.13     2.13
  12-Apr-92     9599     0.00     1.50     1.50
  13-Apr-92     9600     0.00     0.88     0.88
  14-Apr-92     9601     0.11     3.97     4.08
  15-Apr-92     9602     2.45     5.45     7.90
  16-Apr-92     9603     0.74     4.57     5.31
  17-Apr-92     9604     2.89    35.02    37.91
  18-Apr-92     9605     1.47    10.47    11.94
  19-Apr-92     9606     0.54    10.91    11.45
  20-Apr-92     9607     2.07    15.95    18.02
  21-Apr-92     9608     1.94    11.88    13.82
  22-Apr-92     9609     0.60     7.42     8.02
  23-Apr-92     9610     5.75    12.74    18.49
  24-Apr-92     9611    15.79     3.27    19.06
  25-Apr-92     9612     4.77     1.33     6.10
  26-Apr-92     9613     4.33     1.68     6.01
  27-Apr-92     9614     3.38     0.23     3.61
  28-Apr-92     9615     0.00     0.89     0.89
  29-Apr-92     9616     0.48     1.23     1.71
  30-Apr-92     9617     0.98     8.37     9.35
  01-May-92     9618     4.00     1.80     5.80
  02-May-92     9619     3.46     3.85     7.31
  03-May-92     9620     0.00     4.02     4.02
  04-May-92     9621     0.00    21.61    21.61
  05-May-92     9622     0.06    14.65    14.71
  06-May-92     9623     0.00     4.35     4.35
  07-May-92     9624     0.00    11.35    11.35
  08-May-92     9625     1.98    21.78    23.76
  09-May-92     9626     0.17     0.98     1.15
  10-May-92     9627     0.23     0.00     0.23
  11-May-92     9628     0.17     1.94     2.11
  12-May-92     9629     0.00     2.77     2.77
  13-May-92     9630     0.00     3.95     3.95
  14-May-92     9631     0.00     4.05     4.05
  15-May-92     9632     0.00     0.89     0.89
  16-May-92     9633     0.00     1.23     1.23
  17-May-92     9634     0.00     0.13     0.13
  18-May-92     9635     5.21     0.82     6.03
  19-May-92     9636    10.15     0.80    10.95
  20-May-92     9637     1.17     0.00     1.17
  21-May-92     9638     4.47     9.42    13.89
  22-May-92     9639     0.00     4.87     4.87
  23-May-92     9640     0.47     0.00     0.47
  24-May-92     9641     0.73     0.22     0.95
  25-May-92     9642     0.00     0.80     0.80
  26-May-92     9643     0.25     0.10     0.35
  27-May-92     9644     2.87     0.10     2.97
  28-May-92     9645     0.97     0.00     0.97
  29-May-92     9646     0.00     0.00     0.00
  30-May-92     9647     0.22     0.17     0.39
  31-May-92     9648     1.61     1.01     2.62
  01-Jun-92     9649     0.00     0.00     0.00
  02-Jun-92     9650     0.21     0.82     1.03
  03-Jun-92     9651     0.11     0.61     0.72
  04-Jun-92     9652     4.58     0.00     4.58
  05-Jun-92     9653     4.42     0.00     4.42
  06-Jun-92     9654    10.08     0.88    10.96
  07-Jun-92     9655    12.04     0.00    12.04
  08-Jun-92     9656    12.53     0.00    12.53
  09-Jun-92     9657     7.83     3.31    11.14
  10-Jun-92     9658     5.16     2.17     7.33
  11-Jun-92     9659     4.59     3.05     7.64
  12-Jun-92     9660     0.31     1.20     1.51
  13-Jun-92     9661     0.46     1.12     1.58
  14-Jun-92     9662     0.90     0.21     1.11
  15-Jun-92     9663     0.69     2.66     3.35
  16-Jun-92     9664     0.00     0.86     0.86
  17-Jun-92     9665     0.87    16.39    17.26
  18-Jun-92     9666     1.41     3.32     4.73
  19-Jun-92     9667     1.63     3.65     5.28
  20-Jun-92     9668     4.53     0.46     4.99
  21-Jun-92     9669     4.39     7.95    12.34
  22-Jun-92     9670     4.34     0.16     4.50
  23-Jun-92     9671    19.29     0.00    19.29
  24-Jun-92     9672    10.50     0.00    10.50
  25-Jun-92     9673    27.31     0.00    27.31
  26-Jun-92     9674     4.07     1.73     5.80
  27-Jun-92     9675     0.69     0.00     0.69
  28-Jun-92     9676     1.81     0.00     1.81
  29-Jun-92     9677     1.43     0.00     1.43
  30-Jun-92     9678     6.88     0.00     6.88
  01-Jul-92     9679     7.32     0.00     7.32
  02-Jul-92     9680     2.97     0.00     2.97
  03-Jul-92     9681     6.11     0.00     6.11
  04-Jul-92     9682     1.83     0.00     1.83
  05-Jul-92     9683     3.73     7.58    11.31
  06-Jul-92     9684     2.03     3.35     5.38
  07-Jul-92     9685     1.70    17.38    19.08
  08-Jul-92     9686     1.54    12.83    14.37
  09-Jul-92     9687     0.34    11.55    11.89
  10-Jul-92     9688     1.66    17.19    18.85
  11-Jul-92     9689     0.15     6.68     6.83
  12-Jul-92     9690     0.15     6.59     6.74
  13-Jul-92     9691     1.94    14.74    16.68
  14-Jul-92     9692     4.74    15.58    20.32
  15-Jul-92     9693     0.42    14.90    15.32
  16-Jul-92     9694     5.09     6.45    11.54
  17-Jul-92     9695     4.86     3.64     8.50
  18-Jul-92     9696     5.13     4.96    10.09
  19-Jul-92     9697     0.69     0.21     0.90
  20-Jul-92     9698     1.21     0.00     1.21
  21-Jul-92     9699     5.51     8.86    14.37
  22-Jul-92     9700     4.84     1.41     6.25
  23-Jul-92     9701     0.00     0.65     0.65
  24-Jul-92     9702     0.89     0.42     1.31
  25-Jul-92     9703     2.16     0.39     2.55
  26-Jul-92     9704     1.94     1.14     3.08
  27-Jul-92     9705     1.63     2.94     4.57
  28-Jul-92     9706     0.00     0.00     0.00
  29-Jul-92     9707     0.28     0.48     0.76
  30-Jul-92     9708     2.32     1.47     3.79
  31-Jul-92     9709     2.53     0.74     3.27
  01-Aug-92     9710     0.28     1.85     2.13
  02-Aug-92     9711     2.35     4.63     6.98
  03-Aug-92     9712     3.27    13.77    17.04
  04-Aug-92     9713     5.46     6.31    11.77
  05-Aug-92     9714     2.90     6.96     9.86
  06-Aug-92     9715     1.58     7.63     9.21
  07-Aug-92     9716     1.28     7.60     8.88
  08-Aug-92     9717     1.01    17.25    18.26
  09-Aug-92     9718     0.00     5.27     5.27
  10-Aug-92     9719     0.46     4.72     5.18
  11-Aug-92     9720     3.03     4.74     7.77
  12-Aug-92     9721     3.47     3.83     7.30
  13-Aug-92     9722     1.73     3.13     4.86
  14-Aug-92     9723     2.10     5.13     7.23
  15-Aug-92     9724     3.34     2.03     5.37
  16-Aug-92     9725     5.93     1.36     7.29
  17-Aug-92     9726    12.57     0.08    12.65
  18-Aug-92     9727     7.36     0.00     7.36
  19-Aug-92     9728     8.33     0.85     9.18
  20-Aug-92     9729    23.73     0.00    23.73
  21-Aug-92     9730    15.16     0.00    15.16
  22-Aug-92     9731    12.77     0.00    12.77
  23-Aug-92     9732     4.94     0.21     5.15
  24-Aug-92     9733     4.66     0.44     5.10
  25-Aug-92     9734     2.95     0.00     2.95
  26-Aug-92     9735     0.52     0.00     0.52
  27-Aug-92     9736     1.00     1.04     2.04
  28-Aug-92     9737     0.74     0.64     1.38
  29-Aug-92     9738     0.00     0.00     0.00
  30-Aug-92     9739     0.00     4.09     4.09
  31-Aug-92     9740     0.00     1.84     1.84
  01-Sep-92     9741     0.00     0.56     0.56
  02-Sep-92     9742     0.17     6.65     6.82
  03-Sep-92     9743     0.00     7.52     7.52
  04-Sep-92     9744     0.00    15.15    15.15
  05-Sep-92     9745     0.00    17.01    17.01
  06-Sep-92     9746     0.00    33.56    33.56
  07-Sep-92     9747     5.53    23.94    29.47
  08-Sep-92     9748     0.27     2.77     3.04
  09-Sep-92     9749     0.55     3.55     4.10
  10-Sep-92     9750    11.01     0.00    11.01
  11-Sep-92     9751     4.99     0.00     4.99
  12-Sep-92     9752     2.04     0.00     2.04
  13-Sep-92     9753     4.63     0.99     5.62
  14-Sep-92     9754     5.40     0.00     5.40
  15-Sep-92     9755     5.38     0.69     6.07
  16-Sep-92     9756    12.30     0.79    13.09
  17-Sep-92     9757    16.35     1.46    17.81
  18-Sep-92     9758     2.40     0.65     3.05
  19-Sep-92     9759     0.66     1.20     1.86
  20-Sep-92     9760     0.81     0.00     0.81
  21-Sep-92     9761     0.27     1.69     1.96
  22-Sep-92     9762     0.00     0.35     0.35
  23-Sep-92     9763     0.00     1.34     1.34
  24-Sep-92     9764     0.00     2.13     2.13
  25-Sep-92     9765     0.75     0.21     0.96
  26-Sep-92     9766     2.31     1.01     3.32
  27-Sep-92     9767     1.28     3.28     4.56
  28-Sep-92     9768     0.58     2.79     3.37
  29-Sep-92     9769     0.79     0.00     0.79
  30-Sep-92     9770     1.44     0.57     2.01
  01-Oct-92     9771     1.22     1.35     2.57
  02-Oct-92     9772     0.00     8.56     8.56
  03-Oct-92     9773     1.39     1.56     2.95
  04-Oct-92     9774     1.69     4.20     5.89
  05-Oct-92     9775    13.05     2.30    15.35
  06-Oct-92     9776     0.58     1.63     2.21
  07-Oct-92     9777     0.91    15.53    16.44
  08-Oct-92     9778     1.65    15.24    16.89
  09-Oct-92     9779     0.23    13.16    13.39
  10-Oct-92     9780     0.18     8.33     8.51
  11-Oct-92     9781     0.00     3.35     3.35
  12-Oct-92     9782     0.00     1.94     1.94
  13-Oct-92     9783     1.00     0.11     1.11
  14-Oct-92     9784     1.38     0.00     1.38
  15-Oct-92     9785     0.64     0.00     0.64
  16-Oct-92     9786     0.00     0.00     0.00
  17-Oct-92     9787     0.26     0.31     0.57
  18-Oct-92     9788     1.35     2.31     3.66
  19-Oct-92     9789    14.89     0.00    14.89
  20-Oct-92     9790     5.92     3.27     9.19
  21-Oct-92     9791     2.18     3.85     6.03
  22-Oct-92     9792     2.49     0.89     3.38
  23-Oct-92     9793     9.27     0.64     9.91
  24-Oct-92     9794     2.39     0.94     3.33
  25-Oct-92     9795     0.41     6.26     6.67
  26-Oct-92     9796     0.00    20.42    20.42
  27-Oct-92     9797     3.71    18.97    22.68
  28-Oct-92     9798     0.00     8.35     8.35
  29-Oct-92     9799     0.00    16.17    16.17
  30-Oct-92     9800     0.00    36.26    36.26
  31-Oct-92     9801     0.00     2.84     2.84
  01-Nov-92     9802     0.00     1.88     1.88
  02-Nov-92     9803     0.90    12.80    13.70
  03-Nov-92     9804     2.23     1.78     4.01
  04-Nov-92     9805     0.00     1.09     1.09
  05-Nov-92     9806     1.52     1.32     2.84
  06-Nov-92     9807     4.82     3.15     7.97
  07-Nov-92     9808     0.00     4.07     4.07
  08-Nov-92     9809     0.60     1.63     2.23
  09-Nov-92     9810     0.78     5.97     6.75
  10-Nov-92     9811     1.05     3.18     4.23
  11-Nov-92     9812     1.57     0.23     1.80
  12-Nov-92     9813     1.78     0.53     2.31
  13-Nov-92     9814     0.77     1.94     2.71
  14-Nov-92     9815     0.00     2.59     2.59
  15-Nov-92     9816     0.00     3.26     3.26
  16-Nov-92     9817     0.00     5.43     5.43
  17-Nov-92     9818     0.00     9.12     9.12
  18-Nov-92     9819     1.40    28.62    30.02
  19-Nov-92     9820     0.00     3.84     3.84
  20-Nov-92     9821     1.52     1.14     2.66
  21-Nov-92     9822     0.00     2.76     2.76
  22-Nov-92     9823     3.24     1.94     5.18
  23-Nov-92     9824     4.67    14.41    19.08
  24-Nov-92     9825     0.13     1.55     1.68
  25-Nov-92     9826     1.19     0.00     1.19
  26-Nov-92     9827     5.06     0.44     5.50
  27-Nov-92     9828     5.19     0.53     5.72
  28-Nov-92     9829     8.83     0.99     9.82
  29-Nov-92     9830     5.76     1.33     7.09
  30-Nov-92     9831     3.71     2.90     6.61
  01-Dec-92     9832     9.21     0.22     9.43
  02-Dec-92     9833    11.21     1.04    12.25
  03-Dec-92     9834     4.23     0.00     4.23
  04-Dec-92     9835     6.77     0.00     6.77
  05-Dec-92     9836     0.11     1.06     1.17
  06-Dec-92     9837     0.00     0.00     0.00
  07-Dec-92     9838     0.00     4.51     4.51
  08-Dec-92     9839     0.00     2.65     2.65
  09-Dec-92     9840     0.00     4.21     4.21
  10-Dec-92     9841     0.00     3.37     3.37
  11-Dec-92     9842     0.00     3.57     3.57
  12-Dec-92     9843     0.00     5.60     5.60
  13-Dec-92     9844     0.00     8.77     8.77
  14-Dec-92     9845     0.00     8.23     8.23
  15-Dec-92     9846     0.61     6.58     7.19
  16-Dec-92     9847     3.07    10.88    13.95
  17-Dec-92     9848     0.00     0.00     0.00
  18-Dec-92     9849     0.00     0.56     0.56
  19-Dec-92     9850     0.13     0.00     0.13
  20-Dec-92     9851     0.00     1.13     1.13
  21-Dec-92     9852     0.28     2.06     2.34
  22-Dec-92     9853     0.70     0.82     1.52
  23-Dec-92     9854     0.00     2.86     2.86
  24-Dec-92     9855     0.39     2.42     2.81
  25-Dec-92     9856     0.00     1.97     1.97
  26-Dec-92     9857     0.41     1.20     1.61
  27-Dec-92     9858     0.69     0.47     1.16
  28-Dec-92     9859     1.04     0.09     1.13
  29-Dec-92     9860     6.98     0.58     7.56
  30-Dec-92     9861     3.30     0.52     3.82
  31-Dec-92     9862     2.10     1.32     3.42