
            DAILY SOLAR FLARE INDEX
           01 JAN 1989 - 31 DEC 1989
________________________________________________

  TIME (DAY)            NORTH    SOUTH    TOTAL
================================================
  01-Jan-89     8402     3.25    10.31    13.56
  02-Jan-89     8403     0.96    13.39    14.35
  03-Jan-89     8404     1.27    10.77    12.04
  04-Jan-89     8405     0.25    17.68    17.93
  05-Jan-89     8406     1.36     4.98     6.34
  06-Jan-89     8407     0.36     9.95    10.31
  07-Jan-89     8408     2.89    15.28    18.17
  08-Jan-89     8409     3.10    14.08    17.18
  09-Jan-89     8410    10.75    19.92    30.67
  10-Jan-89     8411     4.24    18.61    22.85
  11-Jan-89     8412    18.17     7.19    25.36
  12-Jan-89     8413    12.44    11.71    24.15
  13-Jan-89     8414    16.14    47.99    64.13
  14-Jan-89     8415    13.13    20.06    33.19
  15-Jan-89     8416    14.04    15.02    29.06
  16-Jan-89     8417     7.76    25.77    33.53
  17-Jan-89     8418     9.98    11.21    21.19
  18-Jan-89     8419    27.54    10.50    38.04
  19-Jan-89     8420     6.05     3.97    10.02
  20-Jan-89     8421     9.45     3.38    12.83
  21-Jan-89     8422    16.74     0.00    16.74
  22-Jan-89     8423    13.47     1.32    14.79
  23-Jan-89     8424    16.51     1.16    17.67
  24-Jan-89     8425    18.44     4.19    22.63
  25-Jan-89     8426     6.65     5.58    12.23
  26-Jan-89     8427    17.88     4.46    22.34
  27-Jan-89     8428     6.25    15.95    22.20
  28-Jan-89     8429    15.64     8.46    24.10
  29-Jan-89     8430     4.65     5.90    10.55
  30-Jan-89     8431    11.48    11.96    23.44
  31-Jan-89     8432     3.26    25.40    28.66
  01-Feb-89     8433     6.50    18.23    24.73
  02-Feb-89     8434     0.31     7.63     7.94
  03-Feb-89     8435     2.04     4.23     6.27
  04-Feb-89     8436     2.13     4.60     6.73
  05-Feb-89     8437    13.05     0.00    13.05
  06-Feb-89     8438     9.71     0.56    10.27
  07-Feb-89     8439     8.00     0.13     8.13
  08-Feb-89     8440    40.88     0.00    40.88
  09-Feb-89     8441    19.32     0.15    19.47
  10-Feb-89     8442    32.07     6.56    38.63
  11-Feb-89     8443    15.69     0.88    16.57
  12-Feb-89     8444     5.21     2.83     8.04
  13-Feb-89     8445     8.01     5.71    13.72
  14-Feb-89     8446    15.93     1.36    17.29
  15-Feb-89     8447     7.99     7.04    15.03
  16-Feb-89     8448    16.72     8.46    25.18
  17-Feb-89     8449     0.35     7.87     8.22
  18-Feb-89     8450     1.95     1.54     3.49
  19-Feb-89     8451    12.49     3.26    15.75
  20-Feb-89     8452     6.14     5.83    11.97
  21-Feb-89     8453     3.43    18.33    21.76
  22-Feb-89     8454     2.50     6.84     9.34
  23-Feb-89     8455     5.84    10.45    16.29
  24-Feb-89     8456     5.36     7.43    12.79
  25-Feb-89     8457     6.10     4.27    10.37
  26-Feb-89     8458     3.47     9.93    13.40
  27-Feb-89     8459     8.66     9.56    18.22
  28-Feb-89     8460    22.16     5.09    27.25
  01-Mar-89     8461     8.93     1.58    10.51
  02-Mar-89     8462    13.37     0.00    13.37
  03-Mar-89     8463     6.03     1.48     7.51
  04-Mar-89     8464     1.17     5.75     6.92
  05-Mar-89     8465     4.39     3.77     8.16
  06-Mar-89     8466    43.00     0.37    43.37
  07-Mar-89     8467    31.52     2.85    34.37
  08-Mar-89     8468    15.81     1.94    17.75
  09-Mar-89     8469    37.31    16.21    53.52
  10-Mar-89     8470    49.81     3.32    53.13
  11-Mar-89     8471    34.56     5.42    39.98
  12-Mar-89     8472    30.07     0.44    30.51
  13-Mar-89     8473    33.96     2.80    36.76
  14-Mar-89     8474    47.65    10.56    58.21
  15-Mar-89     8475    29.57     7.89    37.46
  16-Mar-89     8476    47.77     1.55    49.32
  17-Mar-89     8477    38.94    10.56    49.50
  18-Mar-89     8478     1.46     8.04     9.50
  19-Mar-89     8479     6.27     3.15     9.42
  20-Mar-89     8480     9.26    32.52    41.78
  21-Mar-89     8481    20.94    15.46    36.40
  22-Mar-89     8482    15.56     3.71    19.27
  23-Mar-89     8483    36.67     1.39    38.06
  24-Mar-89     8484    11.56     0.49    12.05
  25-Mar-89     8485     4.31     0.46     4.77
  26-Mar-89     8486    19.03     2.22    21.25
  27-Mar-89     8487     7.00     7.04    14.04
  28-Mar-89     8488     1.56     9.88    11.44
  29-Mar-89     8489     0.63     6.88     7.51
  30-Mar-89     8490     0.38     3.17     3.55
  31-Mar-89     8491     2.52     9.46    11.98
  01-Apr-89     8492     2.79     4.13     6.92
  02-Apr-89     8493     2.17     1.91     4.08
  03-Apr-89     8494     1.45     8.79    10.24
  04-Apr-89     8495     1.07     1.51     2.58
  05-Apr-89     8496     3.79    15.67    19.46
  06-Apr-89     8497     2.13     3.25     5.38
  07-Apr-89     8498     7.24     3.49    10.73
  08-Apr-89     8499     6.98     0.77     7.75
  09-Apr-89     8500    16.10     1.39    17.49
  10-Apr-89     8501     1.74     1.03     2.77
  11-Apr-89     8502     0.00     2.25     2.25
  12-Apr-89     8503    15.37     2.02    17.39
  13-Apr-89     8504     6.98     1.98     8.96
  14-Apr-89     8505     1.82     5.24     7.06
  15-Apr-89     8506     4.67     2.02     6.69
  16-Apr-89     8507     2.81     0.90     3.71
  17-Apr-89     8508     1.51     2.36     3.87
  18-Apr-89     8509     4.61     5.70    10.31
  19-Apr-89     8510     6.91     4.54    11.45
  20-Apr-89     8511     7.70     5.00    12.70
  21-Apr-89     8512     7.36     5.09    12.45
  22-Apr-89     8513     7.73     6.69    14.42
  23-Apr-89     8514     4.98     4.81     9.79
  24-Apr-89     8515     4.02     3.73     7.75
  25-Apr-89     8516     0.40     5.06     5.46
  26-Apr-89     8517     0.98     5.52     6.50
  27-Apr-89     8518     1.40     9.52    10.92
  28-Apr-89     8519     2.74     6.23     8.97
  29-Apr-89     8520     0.58     3.52     4.10
  30-Apr-89     8521     1.30     4.52     5.82
  01-May-89     8522     8.98     0.78     9.76
  02-May-89     8523    15.13    16.38    31.51
  03-May-89     8524    19.33    11.53    30.86
  04-May-89     8525     4.08    19.44    23.52
  05-May-89     8526    17.36    11.09    28.45
  06-May-89     8527     5.70    19.24    24.94
  07-May-89     8528     3.83    13.33    17.16
  08-May-89     8529    11.08     4.73    15.81
  09-May-89     8530     4.37     3.51     7.88
  10-May-89     8531     2.09     1.74     3.83
  11-May-89     8532     0.43     6.54     6.97
  12-May-89     8533     7.86     8.62    16.48
  13-May-89     8534     9.00     3.60    12.60
  14-May-89     8535     5.15     3.19     8.34
  15-May-89     8536     2.06     4.29     6.35
  16-May-89     8537     6.04     2.18     8.22
  17-May-89     8538     2.04     9.65    11.69
  18-May-89     8539     3.65     0.83     4.48
  19-May-89     8540     7.23     2.40     9.63
  20-May-89     8541    10.83     4.63    15.46
  21-May-89     8542    15.06     6.95    22.01
  22-May-89     8543     8.38    22.21    30.59
  23-May-89     8544     4.85    15.27    20.12
  24-May-89     8545     7.58     9.69    17.27
  25-May-89     8546    11.31    16.44    27.75
  26-May-89     8547     2.79     9.67    12.46
  27-May-89     8548     0.50     2.11     2.61
  28-May-89     8549     3.89     7.75    11.64
  29-May-89     8550     4.27     8.33    12.60
  30-May-89     8551     4.39     4.50     8.89
  31-May-89     8552     2.56     2.44     5.00
  01-Jun-89     8553     0.25    13.27    13.52
  02-Jun-89     8554     2.53    25.00    27.53
  03-Jun-89     8555     6.25    23.31    29.56
  04-Jun-89     8556     3.73    31.14    34.87
  05-Jun-89     8557     5.42    33.97    39.39
  06-Jun-89     8558     1.02    16.10    17.12
  07-Jun-89     8559     6.15    25.08    31.23
  08-Jun-89     8560     7.91     8.22    16.13
  09-Jun-89     8561     3.44    20.20    23.64
  10-Jun-89     8562     8.31    19.27    27.58
  11-Jun-89     8563     3.06    10.00    13.06
  12-Jun-89     8564     7.20    12.20    19.40
  13-Jun-89     8565    16.19     9.58    25.77
  14-Jun-89     8566    11.05    14.11    25.16
  15-Jun-89     8567    21.06    34.04    55.10
  16-Jun-89     8568    17.44    36.85    54.29
  17-Jun-89     8569    24.54     8.61    33.15
  18-Jun-89     8570     7.09     2.67     9.76
  19-Jun-89     8571     6.81     6.50    13.31
  20-Jun-89     8572    25.44     6.79    32.23
  21-Jun-89     8573    25.31     5.78    31.09
  22-Jun-89     8574    14.60     4.15    18.75
  23-Jun-89     8575    10.58     7.58    18.16
  24-Jun-89     8576     5.73     1.83     7.56
  25-Jun-89     8577     2.39     7.04     9.43
  26-Jun-89     8578    20.77     2.21    22.98
  27-Jun-89     8579    19.16     2.95    22.11
  28-Jun-89     8580    18.89     2.42    21.31
  29-Jun-89     8581    18.91     1.37    20.28
  30-Jun-89     8582    11.33     2.92    14.25
  01-Jul-89     8583     5.92     1.00     6.92
  02-Jul-89     8584    13.88     0.00    13.88
  03-Jul-89     8585     9.02     2.29    11.31
  04-Jul-89     8586     5.25     1.10     6.35
  05-Jul-89     8587    10.81     4.17    14.98
  06-Jul-89     8588     5.15    14.35    19.50
  07-Jul-89     8589     7.09     4.26    11.35
  08-Jul-89     8590     1.54    11.22    12.76
  09-Jul-89     8591     1.95     8.55    10.50
  10-Jul-89     8592    12.13     0.67    12.80
  11-Jul-89     8593     0.56     0.00     0.56
  12-Jul-89     8594     5.54     2.36     7.90
  13-Jul-89     8595     4.93     5.41    10.34
  14-Jul-89     8596     0.83     1.17     2.00
  15-Jul-89     8597     4.10     1.75     5.85
  16-Jul-89     8598     0.88     1.24     2.12
  17-Jul-89     8599     0.35     1.84     2.19
  18-Jul-89     8600     9.28     4.74    14.02
  19-Jul-89     8601    10.19     3.42    13.61
  20-Jul-89     8602     6.89     4.26    11.15
  21-Jul-89     8603     5.53     9.87    15.40
  22-Jul-89     8604     4.10    13.25    17.35
  23-Jul-89     8605     7.76    10.16    17.92
  24-Jul-89     8606     1.24     0.17     1.41
  25-Jul-89     8607     4.38     0.42     4.80
  26-Jul-89     8608     0.80     6.29     7.09
  27-Jul-89     8609     0.00     1.47     1.47
  28-Jul-89     8610     2.14     5.63     7.77
  29-Jul-89     8611     4.08     4.79     8.87
  30-Jul-89     8612     1.33     3.69     5.02
  31-Jul-89     8613     2.62     5.04     7.66
  01-Aug-89     8614     1.16     8.00     9.16
  02-Aug-89     8615     1.42    10.42    11.84
  03-Aug-89     8616     2.94    15.52    18.46
  04-Aug-89     8617     1.32    23.26    24.58
  05-Aug-89     8618     4.25    17.15    21.40
  06-Aug-89     8619     3.00    28.88    31.88
  07-Aug-89     8620     1.52    30.83    32.35
  08-Aug-89     8621     1.23    24.68    25.91
  09-Aug-89     8622     2.15    12.93    15.08
  10-Aug-89     8623    12.58     8.79    21.37
  11-Aug-89     8624     5.56    16.08    21.64
  12-Aug-89     8625     2.80    25.11    27.91
  13-Aug-89     8626     4.94     8.12    13.06
  14-Aug-89     8627    19.04    32.17    51.21
  15-Aug-89     8628     4.21    25.21    29.42
  16-Aug-89     8629     8.77     9.58    18.35
  17-Aug-89     8630    15.34    17.43    32.77
  18-Aug-89     8631     4.43     0.46     4.89
  19-Aug-89     8632    10.25     1.14    11.39
  20-Aug-89     8633     6.98     1.48     8.46
  21-Aug-89     8634     2.97     2.20     5.17
  22-Aug-89     8635     3.77     5.58     9.35
  23-Aug-89     8636     6.83     2.96     9.79
  24-Aug-89     8637     6.30     2.44     8.74
  25-Aug-89     8638     0.44     0.74     1.18
  26-Aug-89     8639     7.52     1.35     8.87
  27-Aug-89     8640     1.52     0.13     1.65
  28-Aug-89     8641     1.47     2.50     3.97
  29-Aug-89     8642     0.67    20.12    20.79
  30-Aug-89     8643     1.79    26.85    28.64
  31-Aug-89     8644     0.19    14.47    14.66
  01-Sep-89     8645     1.17    20.74    21.91
  02-Sep-89     8646     2.99    22.34    25.33
  03-Sep-89     8647     3.23    13.08    16.31
  04-Sep-89     8648     7.48    14.21    21.69
  05-Sep-89     8649     6.17    11.48    17.65
  06-Sep-89     8650     4.95     9.03    13.98
  07-Sep-89     8651     3.97    12.31    16.28
  08-Sep-89     8652    16.15    17.69    33.84
  09-Sep-89     8653    17.59    13.52    31.11
  10-Sep-89     8654    27.97    12.53    40.50
  11-Sep-89     8655    20.25     2.91    23.16
  12-Sep-89     8656    19.84     2.36    22.20
  13-Sep-89     8657    17.63     0.33    17.96
  14-Sep-89     8658    11.47     0.00    11.47
  15-Sep-89     8659    14.95     2.54    17.49
  16-Sep-89     8660    16.26     2.60    18.86
  17-Sep-89     8661    11.28     5.63    16.91
  18-Sep-89     8662    15.59     8.60    24.19
  19-Sep-89     8663     7.22     6.42    13.64
  20-Sep-89     8664     2.36     5.28     7.64
  21-Sep-89     8665     2.08    13.86    15.94
  22-Sep-89     8666     4.38     9.27    13.65
  23-Sep-89     8667     1.02     3.48     4.50
  24-Sep-89     8668     0.57     5.52     6.09
  25-Sep-89     8669     0.00     5.02     5.02
  26-Sep-89     8670     0.00    24.72    24.72
  27-Sep-89     8671     0.00    14.44    14.44
  28-Sep-89     8672     4.43    10.93    15.36
  29-Sep-89     8673     2.73    16.80    19.53
  30-Sep-89     8674     2.53    27.29    29.82
  01-Oct-89     8675     3.40     4.44     7.84
  02-Oct-89     8676     1.32    17.65    18.97
  03-Oct-89     8677    12.12     5.49    17.61
  04-Oct-89     8678    13.63     6.04    19.67
  05-Oct-89     8679     8.86     2.48    11.34
  06-Oct-89     8680     7.17     3.46    10.63
  07-Oct-89     8681     4.35     0.77     5.12
  08-Oct-89     8682     1.50     0.94     2.44
  09-Oct-89     8683    14.66     3.76    18.42
  10-Oct-89     8684     4.96     1.43     6.39
  11-Oct-89     8685     9.75     3.19    12.94
  12-Oct-89     8686    20.67     3.70    24.37
  13-Oct-89     8687     5.04     6.27    11.31
  14-Oct-89     8688     5.51     6.66    12.17
  15-Oct-89     8689     2.77    10.71    13.48
  16-Oct-89     8690     0.23     9.29     9.52
  17-Oct-89     8691     2.17     3.60     5.77
  18-Oct-89     8692     0.54    53.25    53.79
  19-Oct-89     8693     0.00    88.96    88.96
  20-Oct-89     8694     0.68    22.24    22.92
  21-Oct-89     8695     0.00    19.08    19.08
  22-Oct-89     8696     2.73    38.75    41.48
  23-Oct-89     8697     3.85    27.23    31.08
  24-Oct-89     8698     0.21    39.47    39.68
  25-Oct-89     8699     0.00     7.67     7.67
  26-Oct-89     8700     0.13     1.29     1.42
  27-Oct-89     8701     0.27     1.88     2.15
  28-Oct-89     8702     3.20     1.92     5.12
  29-Oct-89     8703     7.88     0.69     8.57
  30-Oct-89     8704     4.14     0.29     4.43
  31-Oct-89     8705     6.70     2.14     8.84
  01-Nov-89     8706     5.39     3.34     8.73
  02-Nov-89     8707    16.31     1.00    17.31
  03-Nov-89     8708    10.59     1.51    12.10
  04-Nov-89     8709     9.17     1.77    10.94
  05-Nov-89     8710    11.66     0.17    11.83
  06-Nov-89     8711    22.54     0.17    22.71
  07-Nov-89     8712    31.21     0.00    31.21
  08-Nov-89     8713    65.72     0.00    65.72
  09-Nov-89     8714    58.85     0.00    58.85
  10-Nov-89     8715    23.07     4.83    27.90
  11-Nov-89     8716    20.23     1.04    21.27
  12-Nov-89     8717    24.60     2.47    27.07
  13-Nov-89     8718     8.34     0.35     8.69
  14-Nov-89     8719    12.38     1.22    13.60
  15-Nov-89     8720    48.67     3.40    52.07
  16-Nov-89     8721    19.54     6.71    26.25
  17-Nov-89     8722     2.01     4.29     6.30
  18-Nov-89     8723     1.16    10.95    12.11
  19-Nov-89     8724     2.78     9.65    12.43
  20-Nov-89     8725     1.11    11.34    12.45
  21-Nov-89     8726     3.04    11.19    14.23
  22-Nov-89     8727     5.33     7.31    12.64
  23-Nov-89     8728    16.88     2.70    19.58
  24-Nov-89     8729     4.88     1.63     6.51
  25-Nov-89     8730    37.66     4.05    41.71
  26-Nov-89     8731    28.27     4.15    32.42
  27-Nov-89     8732     7.34     3.10    10.44
  28-Nov-89     8733     7.83     7.63    15.46
  29-Nov-89     8734    15.68     8.81    24.49
  30-Nov-89     8735    32.73     3.80    36.53
  01-Dec-89     8736    10.90     0.54    11.44
  02-Dec-89     8737    14.35     3.48    17.83
  03-Dec-89     8738     3.57     1.66     5.23
  04-Dec-89     8739    12.44     2.52    14.96
  05-Dec-89     8740    11.15     4.10    15.25
  06-Dec-89     8741     2.73     2.82     5.55
  07-Dec-89     8742    13.46     4.73    18.19
  08-Dec-89     8743     7.68     1.65     9.33
  09-Dec-89     8744     2.81     0.76     3.57
  10-Dec-89     8745     2.74     0.08     2.82
  11-Dec-89     8746     3.87     0.83     4.70
  12-Dec-89     8747     2.82     0.00     2.82
  13-Dec-89     8748     2.54     0.11     2.65
  14-Dec-89     8749     4.74     0.00     4.74
  15-Dec-89     8750     4.43     0.00     4.43
  16-Dec-89     8751     2.60     0.17     2.77
  17-Dec-89     8752     4.73     0.17     4.90
  18-Dec-89     8753     8.93     3.14    12.07
  19-Dec-89     8754    10.71     6.54    17.25
  20-Dec-89     8755     9.40     4.67    14.07
  21-Dec-89     8756     1.79     4.15     5.94
  22-Dec-89     8757     3.75     0.81     4.56
  23-Dec-89     8758     6.00    10.94    16.94
  24-Dec-89     8759     6.84     8.66    15.50
  25-Dec-89     8760    13.06    29.71    42.77
  26-Dec-89     8761     8.89    26.43    35.32
  27-Dec-89     8762     6.43    11.45    17.88
  28-Dec-89     8763     4.03    21.41    25.44
  29-Dec-89     8764     9.66    11.92    21.58
  30-Dec-89     8765     1.10     8.15     9.25
  31-Dec-89     8766     3.21    13.83    17.04