
            DAILY SOLAR FLARE INDEX
           01 JAN 1988 - 31 DEC 1988
________________________________________________

  TIME (DAY)            NORTH    SOUTH    TOTAL
================================================
  01-Jan-88     8036     0.00     1.65     1.65
  02-Jan-88     8037     0.00    33.66    33.66
  03-Jan-88     8038     0.00     2.07     2.07
  04-Jan-88     8039     0.28     0.00     0.28
  05-Jan-88     8040     0.00     0.14     0.14
  06-Jan-88     8041     2.58     0.11     2.69
  07-Jan-88     8042     1.90     3.22     5.12
  08-Jan-88     8043     0.83     2.74     3.57
  09-Jan-88     8044     7.17     4.92    12.09
  10-Jan-88     8045     3.54     0.38     3.92
  11-Jan-88     8046     4.32     1.56     5.88
  12-Jan-88     8047     1.73     2.67     4.40
  13-Jan-88     8048     5.06     3.73     8.79
  14-Jan-88     8049     3.16    12.33    15.49
  15-Jan-88     8050     0.00     8.46     8.46
  16-Jan-88     8051     0.51     5.04     5.55
  17-Jan-88     8052     0.00     0.41     0.41
  18-Jan-88     8053     0.00     2.41     2.41
  19-Jan-88     8054     0.00     2.81     2.81
  20-Jan-88     8055     0.00     5.05     5.05
  21-Jan-88     8056     0.13     1.73     1.86
  22-Jan-88     8057     0.00     0.00     0.00
  23-Jan-88     8058     0.00     0.60     0.60
  24-Jan-88     8059     0.00     4.65     4.65
  25-Jan-88     8060     0.00     1.93     1.93
  26-Jan-88     8061     1.93     1.60     3.53
  27-Jan-88     8062    10.44     0.94    11.38
  28-Jan-88     8063     5.96     0.00     5.96
  29-Jan-88     8064     2.12     0.00     2.12
  30-Jan-88     8065     1.38     0.26     1.64
  31-Jan-88     8066     0.07     0.00     0.07
  01-Feb-88     8067     3.90     0.16     4.06
  02-Feb-88     8068     0.53     0.00     0.53
  03-Feb-88     8069     3.01     0.00     3.01
  04-Feb-88     8070     1.14     0.00     1.14
  05-Feb-88     8071     4.78     0.00     4.78
  06-Feb-88     8072     0.51     0.00     0.51
  07-Feb-88     8073     2.70     0.26     2.96
  08-Feb-88     8074     0.75     1.12     1.87
  09-Feb-88     8075     1.36     0.36     1.72
  10-Feb-88     8076     0.42     0.00     0.42
  11-Feb-88     8077     0.54     0.69     1.23
  12-Feb-88     8078     0.00     0.90     0.90
  13-Feb-88     8079     0.00     0.00     0.00
  14-Feb-88     8080     0.00     2.56     2.56
  15-Feb-88     8081     0.00     0.79     0.79
  16-Feb-88     8082     2.13     0.38     2.51
  17-Feb-88     8083     0.40     0.38     0.78
  18-Feb-88     8084     0.00     1.04     1.04
  19-Feb-88     8085     0.18     0.36     0.54
  20-Feb-88     8086     0.42     3.95     4.37
  21-Feb-88     8087     0.00     0.13     0.13
  22-Feb-88     8088     0.38     0.33     0.71
  23-Feb-88     8089     0.11     0.22     0.33
  24-Feb-88     8090     0.00     0.44     0.44
  25-Feb-88     8091     0.00     1.24     1.24
  26-Feb-88     8092     0.00     0.00     0.00
  27-Feb-88     8093     4.04     1.44     5.48
  28-Feb-88     8094     2.08     4.00     6.08
  29-Feb-88     8095     0.41     2.73     3.14
  01-Mar-88     8096     1.22     5.38     6.60
  02-Mar-88     8097     4.95     2.52     7.47
  03-Mar-88     8098     1.06     5.11     6.17
  04-Mar-88     8099     1.04     4.48     5.52
  05-Mar-88     8100     4.44     0.85     5.29
  06-Mar-88     8101     4.70     0.00     4.70
  07-Mar-88     8102     2.93     0.22     3.15
  08-Mar-88     8103     2.06     0.21     2.27
  09-Mar-88     8104     2.94     0.00     2.94
  10-Mar-88     8105     3.15     0.00     3.15
  11-Mar-88     8106     0.54     5.67     6.21
  12-Mar-88     8107     0.00     9.56     9.56
  13-Mar-88     8108     0.00    10.85    10.85
  14-Mar-88     8109     0.00     8.29     8.29
  15-Mar-88     8110     1.25    12.90    14.15
  16-Mar-88     8111     0.00    18.90    18.90
  17-Mar-88     8112     0.00    11.83    11.83
  18-Mar-88     8113     0.92    11.49    12.41
  19-Mar-88     8114     0.52     7.58     8.10
  20-Mar-88     8115     9.00     2.38    11.38
  21-Mar-88     8116     6.20     3.52     9.72
  22-Mar-88     8117     1.38     3.46     4.84
  23-Mar-88     8118     7.13     6.42    13.55
  24-Mar-88     8119    14.85     5.67    20.52
  25-Mar-88     8120     1.96     6.42     8.38
  26-Mar-88     8121     2.21     0.13     2.34
  27-Mar-88     8122     0.09     0.23     0.32
  28-Mar-88     8123     2.02     0.38     2.40
  29-Mar-88     8124     4.75     2.33     7.08
  30-Mar-88     8125     3.31     0.31     3.62
  31-Mar-88     8126     2.65     1.06     3.71
  01-Apr-88     8127     3.74     2.40     6.14
  02-Apr-88     8128     1.36     2.11     3.47
  03-Apr-88     8129     2.89     0.49     3.38
  04-Apr-88     8130     0.17     0.52     0.69
  05-Apr-88     8131     0.00     1.24     1.24
  06-Apr-88     8132     0.00     2.06     2.06
  07-Apr-88     8133     6.37     0.83     7.20
  08-Apr-88     8134    13.11     1.45    14.56
  09-Apr-88     8135     1.96     4.04     6.00
  10-Apr-88     8136     1.43     0.36     1.79
  11-Apr-88     8137    10.56     4.25    14.81
  12-Apr-88     8138     7.99     2.15    10.14
  13-Apr-88     8139     6.26     6.15    12.41
  14-Apr-88     8140    10.88     5.41    16.29
  15-Apr-88     8141     7.60     9.94    17.54
  16-Apr-88     8142     5.33     0.51     5.84
  17-Apr-88     8143     5.85     0.34     6.19
  18-Apr-88     8144     7.27     3.50    10.77
  19-Apr-88     8145     9.45     1.95    11.40
  20-Apr-88     8146     7.79     0.25     8.04
  21-Apr-88     8147     9.52     0.25     9.77
  22-Apr-88     8148     4.04     3.29     7.33
  23-Apr-88     8149     0.67     0.00     0.67
  24-Apr-88     8150     0.33     0.90     1.23
  25-Apr-88     8151     0.00     2.44     2.44
  26-Apr-88     8152     0.00     2.63     2.63
  27-Apr-88     8153     0.00     0.36     0.36
  28-Apr-88     8154     0.00     0.00     0.00
  29-Apr-88     8155     0.00     0.54     0.54
  30-Apr-88     8156     0.24     4.31     4.55
  01-May-88     8157     0.00     1.51     1.51
  02-May-88     8158     2.22     3.25     5.47
  03-May-88     8159     0.00     5.32     5.32
  04-May-88     8160     0.62     8.53     9.15
  05-May-88     8161     2.17     2.45     4.62
  06-May-88     8162     0.89     1.27     2.16
  07-May-88     8163     0.32     0.42     0.74
  08-May-88     8164     0.00     0.73     0.73
  09-May-88     8165     0.33     0.88     1.21
  10-May-88     8166     0.95     0.00     0.95
  11-May-88     8167     0.21     5.77     5.98
  12-May-88     8168     0.19     0.00     0.19
  13-May-88     8169     0.00     0.00     0.00
  14-May-88     8170     0.00     0.43     0.43
  15-May-88     8171     0.00     2.41     2.41
  16-May-88     8172     0.06     1.88     1.94
  17-May-88     8173     0.00     2.88     2.88
  18-May-88     8174     0.00     0.39     0.39
  19-May-88     8175     0.00     0.49     0.49
  20-May-88     8176     0.87     3.70     4.57
  21-May-88     8177     0.67     8.85     9.52
  22-May-88     8178     0.00     7.27     7.27
  23-May-88     8179     0.00     9.60     9.60
  24-May-88     8180     0.00     4.60     4.60
  25-May-88     8181     0.00     9.81     9.81
  26-May-88     8182     0.00     8.75     8.75
  27-May-88     8183     0.00     9.39     9.39
  28-May-88     8184     0.00     7.15     7.15
  29-May-88     8185     2.38     4.69     7.07
  30-May-88     8186     0.46     8.63     9.09
  31-May-88     8187     2.28     2.66     4.94
  01-Jun-88     8188     7.79     6.54    14.33
  02-Jun-88     8189     1.65     3.94     5.59
  03-Jun-88     8190     1.71     4.94     6.65
  04-Jun-88     8191     4.27     2.73     7.00
  05-Jun-88     8192     9.21     2.84    12.05
  06-Jun-88     8193     8.00     2.04    10.04
  07-Jun-88     8194     4.48     3.63     8.11
  08-Jun-88     8195     4.51     4.72     9.23
  09-Jun-88     8196     6.65     3.10     9.75
  10-Jun-88     8197     3.64     1.90     5.54
  11-Jun-88     8198     2.30     3.30     5.60
  12-Jun-88     8199     2.83     7.27    10.10
  13-Jun-88     8200     0.23     0.00     0.23
  14-Jun-88     8201     0.00     0.00     0.00
  15-Jun-88     8202     0.67     7.38     8.05
  16-Jun-88     8203     4.35     1.96     6.31
  17-Jun-88     8204     5.13     3.59     8.72
  18-Jun-88     8205     0.83     3.77     4.60
  19-Jun-88     8206     2.54     2.69     5.23
  20-Jun-88     8207     0.72     4.58     5.30
  21-Jun-88     8208     2.56    18.42    20.98
  22-Jun-88     8209     0.00     8.50     8.50
  23-Jun-88     8210     0.45    12.54    12.99
  24-Jun-88     8211     0.94    35.96    36.90
  25-Jun-88     8212     1.41    14.66    16.07
  26-Jun-88     8213     1.44     4.90     6.34
  27-Jun-88     8214     5.02     7.76    12.78
  28-Jun-88     8215     3.69    17.10    20.79
  29-Jun-88     8216     3.00    25.78    28.78
  30-Jun-88     8217     2.58     8.17    10.75
  01-Jul-88     8218     0.39     8.85     9.24
  02-Jul-88     8219     2.32    20.89    23.21
  03-Jul-88     8220     6.92     1.42     8.34
  04-Jul-88     8221     0.60     1.29     1.89
  05-Jul-88     8222     1.40     5.02     6.42
  06-Jul-88     8223     3.98     3.63     7.61
  07-Jul-88     8224     7.22     2.43     9.65
  08-Jul-88     8225     8.06     0.65     8.71
  09-Jul-88     8226    11.34     0.00    11.34
  10-Jul-88     8227     5.42     0.00     5.42
  11-Jul-88     8228     2.58     3.25     5.83
  12-Jul-88     8229     5.27    10.10    15.37
  13-Jul-88     8230     8.15     3.71    11.86
  14-Jul-88     8231     1.61     1.80     3.41
  15-Jul-88     8232     1.67     1.65     3.32
  16-Jul-88     8233     0.87     5.99     6.86
  17-Jul-88     8234     0.38     2.01     2.39
  18-Jul-88     8235     2.52     4.79     7.31
  19-Jul-88     8236     0.83     5.96     6.79
  20-Jul-88     8237     0.00     4.63     4.63
  21-Jul-88     8238     0.00     6.13     6.13
  22-Jul-88     8239     0.25    11.17    11.42
  23-Jul-88     8240     1.60     2.65     4.25
  24-Jul-88     8241     1.49    18.61    20.10
  25-Jul-88     8242     1.38     7.52     8.90
  26-Jul-88     8243    10.66     9.95    20.61
  27-Jul-88     8244     0.90     3.65     4.55
  28-Jul-88     8245     8.26     2.47    10.73
  29-Jul-88     8246    12.90     1.80    14.70
  30-Jul-88     8247     9.56     6.67    16.23
  31-Jul-88     8248    11.23     0.46    11.69
  01-Aug-88     8249    14.73     0.67    15.40
  02-Aug-88     8250    11.92     1.31    13.23
  03-Aug-88     8251    15.33     0.56    15.89
  04-Aug-88     8252     5.47     0.83     6.30
  05-Aug-88     8253     4.41     0.64     5.05
  06-Aug-88     8254     5.67     0.37     6.04
  07-Aug-88     8255     2.19     0.46     2.65
  08-Aug-88     8256     4.50     1.00     5.50
  09-Aug-88     8257     6.89     3.47    10.36
  10-Aug-88     8258     6.88     2.98     9.86
  11-Aug-88     8259     2.44     2.18     4.62
  12-Aug-88     8260     4.46     0.73     5.19
  13-Aug-88     8261     2.16     0.00     2.16
  14-Aug-88     8262     1.12     0.43     1.55
  15-Aug-88     8263     1.09     0.57     1.66
  16-Aug-88     8264     2.60     2.96     5.56
  17-Aug-88     8265     5.25     2.72     7.97
  18-Aug-88     8266     1.67     0.00     1.67
  19-Aug-88     8267     1.86     0.82     2.68
  20-Aug-88     8268     0.78     0.25     1.03
  21-Aug-88     8269     0.00     0.17     0.17
  22-Aug-88     8270     0.92     0.00     0.92
  23-Aug-88     8271    25.94     0.23    26.17
  24-Aug-88     8272     6.05     0.60     6.65
  25-Aug-88     8273     9.74     0.24     9.98
  26-Aug-88     8274     3.07     0.92     3.99
  27-Aug-88     8275    12.06     1.13    13.19
  28-Aug-88     8276     1.30     3.07     4.37
  29-Aug-88     8277     1.50     6.71     8.21
  30-Aug-88     8278     5.53     7.67    13.20
  31-Aug-88     8279     7.27     4.13    11.40
  01-Sep-88     8280     0.77     2.77     3.54
  02-Sep-88     8281     0.90     1.38     2.28
  03-Sep-88     8282     2.67     4.85     7.52
  04-Sep-88     8283     0.92     2.99     3.91
  05-Sep-88     8284     0.09     4.21     4.30
  06-Sep-88     8285     0.00     1.83     1.83
  07-Sep-88     8286     0.00     3.29     3.29
  08-Sep-88     8287     0.00     4.67     4.67
  09-Sep-88     8288     0.00     1.43     1.43
  10-Sep-88     8289     0.48     0.35     0.83
  11-Sep-88     8290     0.87     2.35     3.22
  12-Sep-88     8291     0.52     2.93     3.45
  13-Sep-88     8292     3.81     7.75    11.56
  14-Sep-88     8293     1.60     3.21     4.81
  15-Sep-88     8294     2.15     0.77     2.92
  16-Sep-88     8295     0.35     4.00     4.35
  17-Sep-88     8296     5.69     2.60     8.29
  18-Sep-88     8297     3.83     1.60     5.43
  19-Sep-88     8298     3.90     1.62     5.52
  20-Sep-88     8299     7.59     7.51    15.10
  21-Sep-88     8300     5.58     5.69    11.27
  22-Sep-88     8301    17.64    17.22    34.86
  23-Sep-88     8302    14.58     8.75    23.33
  24-Sep-88     8303    12.79    10.00    22.79
  25-Sep-88     8304     4.19    14.42    18.61
  26-Sep-88     8305     4.33     7.38    11.71
  27-Sep-88     8306     6.83    19.94    26.77
  28-Sep-88     8307     3.17    12.15    15.32
  29-Sep-88     8308     0.56     8.83     9.39
  30-Sep-88     8309     4.81    14.71    19.52
  01-Oct-88     8310     2.98     5.81     8.79
  02-Oct-88     8311     5.48     2.71     8.19
  03-Oct-88     8312     6.67    21.81    28.48
  04-Oct-88     8313     4.79     6.94    11.73
  05-Oct-88     8314     1.83     4.42     6.25
  06-Oct-88     8315     3.04     6.17     9.21
  07-Oct-88     8316     1.90     5.21     7.11
  08-Oct-88     8317     0.48     1.38     1.86
  09-Oct-88     8318     0.00     4.11     4.11
  10-Oct-88     8319     1.15     2.22     3.37
  11-Oct-88     8320     3.75     1.71     5.46
  12-Oct-88     8321     4.41    12.51    16.92
  13-Oct-88     8322     1.05     6.09     7.14
  14-Oct-88     8323     2.02     0.17     2.19
  15-Oct-88     8324     0.61     5.49     6.10
  16-Oct-88     8325     1.90     3.21     5.11
  17-Oct-88     8326     5.59     1.62     7.21
  18-Oct-88     8327     6.60     4.15    10.75
  19-Oct-88     8328     6.79     0.58     7.37
  20-Oct-88     8329     5.54     0.09     5.63
  21-Oct-88     8330     5.34     1.51     6.85
  22-Oct-88     8331     9.44     0.27     9.71
  23-Oct-88     8332    11.04     0.90    11.94
  24-Oct-88     8333     4.93     0.00     4.93
  25-Oct-88     8334     2.04     0.54     2.58
  26-Oct-88     8335     1.83     0.58     2.41
  27-Oct-88     8336     2.60     0.69     3.29
  28-Oct-88     8337     6.69     5.86    12.55
  29-Oct-88     8338     9.73     8.81    18.54
  30-Oct-88     8339     0.98     2.08     3.06
  31-Oct-88     8340     0.29     1.15     1.44
  01-Nov-88     8341     7.91     3.39    11.30
  02-Nov-88     8342     7.81     6.77    14.58
  03-Nov-88     8343     2.35     8.06    10.41
  04-Nov-88     8344     2.83     5.23     8.06
  05-Nov-88     8345     1.29     2.60     3.89
  06-Nov-88     8346     4.73     9.23    13.96
  07-Nov-88     8347     2.65     2.38     5.03
  08-Nov-88     8348     9.33     0.90    10.23
  09-Nov-88     8349    12.10     1.14    13.24
  10-Nov-88     8350     9.85     0.00     9.85
  11-Nov-88     8351    12.12     0.00    12.12
  12-Nov-88     8352    15.69     0.08    15.77
  13-Nov-88     8353    29.37     5.40    34.77
  14-Nov-88     8354    29.48     7.21    36.69
  15-Nov-88     8355    21.25     5.06    26.31
  16-Nov-88     8356    31.27     7.95    39.22
  17-Nov-88     8357    19.16     4.69    23.85
  18-Nov-88     8358     8.64     0.26     8.90
  19-Nov-88     8359     9.16     0.34     9.50
  20-Nov-88     8360     8.52     0.00     8.52
  21-Nov-88     8361    16.56     0.98    17.54
  22-Nov-88     8362    11.40     2.98    14.38
  23-Nov-88     8363     2.13     2.58     4.71
  24-Nov-88     8364     1.98     2.19     4.17
  25-Nov-88     8365     0.61     0.42     1.03
  26-Nov-88     8366     4.21     3.60     7.81
  27-Nov-88     8367     1.48     8.17     9.65
  28-Nov-88     8368     1.74     6.26     8.00
  29-Nov-88     8369     0.30     4.36     4.66
  30-Nov-88     8370    14.85     3.17    18.02
  01-Dec-88     8371     2.00     2.19     4.19
  02-Dec-88     8372     4.79     3.46     8.25
  03-Dec-88     8373     1.49     1.97     3.46
  04-Dec-88     8374     0.00     0.76     0.76
  05-Dec-88     8375     1.80     0.44     2.24
  06-Dec-88     8376    10.19     1.08    11.27
  07-Dec-88     8377     4.47     3.25     7.72
  08-Dec-88     8378     1.03     1.42     2.45
  09-Dec-88     8379    10.22     0.00    10.22
  10-Dec-88     8380     8.59     4.42    13.01
  11-Dec-88     8381     2.58    15.71    18.29
  12-Dec-88     8382    15.93     2.14    18.07
  13-Dec-88     8383     3.74     2.59     6.33
  14-Dec-88     8384    13.33     9.17    22.50
  15-Dec-88     8385    14.50     3.81    18.31
  16-Dec-88     8386    38.69    12.26    50.95
  17-Dec-88     8387     9.87    18.69    28.56
  18-Dec-88     8388     6.59    14.53    21.12
  19-Dec-88     8389    10.13    11.10    21.23
  20-Dec-88     8390     6.83    12.05    18.88
  21-Dec-88     8391     9.81     1.42    11.23
  22-Dec-88     8392    17.90     2.00    19.90
  23-Dec-88     8393     2.79     2.69     5.48
  24-Dec-88     8394     1.58     3.48     5.06
  25-Dec-88     8395     1.28     8.30     9.58
  26-Dec-88     8396     1.53    13.15    14.68
  27-Dec-88     8397     8.06     4.10    12.16
  28-Dec-88     8398     9.44    19.50    28.94
  29-Dec-88     8399     2.36    12.24    14.60
  30-Dec-88     8400     4.75    25.89    30.64
  31-Dec-88     8401     3.17     0.95     4.12