
            DAILY SOLAR FLARE INDEX
           01 JAN 2001 - 31 DEC 2001
________________________________________________

 TIME (DAY)            NORTH    SOUTH    TOTAL
================================================
01-Jan-2001    12785     0.11     1.42     1.53
02-Jan-2001    12786     0.00     0.00     0.00
03-Jan-2001    12787     0.37     0.55     0.93
04-Jan-2001    12788     0.26     0.09     0.34
05-Jan-2001    12789     1.77     0.23     2.00
06-Jan-2001    12790     0.47     1.59     2.06
07-Jan-2001    12791     0.00     0.00     0.00
08-Jan-2001    12792     0.56     0.13     0.69
09-Jan-2001    12793     1.87     0.00     1.87
10-Jan-2001    12794     5.06     0.00     5.06
11-Jan-2001    12795     0.33     0.00     0.33
12-Jan-2001    12796     0.95     0.74     1.69
13-Jan-2001    12797     1.15     0.00     1.15
14-Jan-2001    12798     0.90     0.00     0.90
15-Jan-2001    12799     2.31     0.00     2.31
16-Jan-2001    12800     0.34     0.00     0.34
17-Jan-2001    12801     0.67     0.00     0.67
18-Jan-2001    12802     0.00     0.00     0.00
19-Jan-2001    12803     0.14     2.03     2.17
20-Jan-2001    12804     0.00    26.49    26.49
21-Jan-2001    12805     1.66     1.57     3.23
22-Jan-2001    12806     0.53     0.82     1.35
23-Jan-2001    12807     0.35     0.37     0.72
24-Jan-2001    12808     7.15     1.49     8.64
25-Jan-2001    12809     0.21     1.76     1.97
26-Jan-2001    12810     2.29     2.24     4.52
27-Jan-2001    12811     0.31     0.49     0.80
28-Jan-2001    12812     0.21    10.91    11.11
29-Jan-2001    12813     0.00     1.79     1.79
30-Jan-2001    12814     0.43     0.34     0.78
31-Jan-2001    12815     0.00     0.02     0.02
01-Feb-2001    12816     1.20     0.00     1.20
02-Feb-2001    12817     1.72     0.00     1.72
03-Feb-2001    12818     0.00     0.00     0.00
04-Feb-2001    12819     2.30     0.55     2.85
05-Feb-2001    12820     2.44     0.08     2.52
06-Feb-2001    12821     0.14     0.00     0.14
07-Feb-2001    12822     0.00     0.20     0.20
08-Feb-2001    12823     0.22     0.00     0.22
09-Feb-2001    12824     0.14     3.14     3.28
10-Feb-2001    12825     0.00     1.94     1.94
11-Feb-2001    12826    10.21     0.68    10.89
12-Feb-2001    12827     0.66     0.99     1.65
13-Feb-2001    12828     0.61     0.00     0.61
14-Feb-2001    12829     1.79     0.00     1.79
15-Feb-2001    12830     0.00     0.00     0.00
16-Feb-2001    12831     0.07     0.00     0.07
17-Feb-2001    12832     0.00     0.00     0.00
18-Feb-2001    12833     0.00     0.00     0.00
19-Feb-2001    12834     0.00     0.28     0.28
20-Feb-2001    12835     0.00     0.56     0.56
21-Feb-2001    12836     0.00     1.06     1.06
22-Feb-2001    12837     0.00     1.01     1.01
23-Feb-2001    12838     0.38     1.69     2.07
24-Feb-2001    12839     0.00     0.00     0.00
25-Feb-2001    12840     0.00     0.09     0.09
26-Feb-2001    12841     0.00     0.10     0.10
27-Feb-2001    12842     0.44     0.00     0.44
28-Feb-2001    12843     0.00     0.26     0.26
01-Mar-2001    12844     0.00     0.32     0.32
02-Mar-2001    12845     0.00     0.00     0.00
03-Mar-2001    12846     1.92     0.09     2.01
04-Mar-2001    12847     0.00     0.13     0.13
05-Mar-2001    12848     1.47     0.68     2.15
06-Mar-2001    12849     1.00     0.00     1.00
07-Mar-2001    12850     3.94     1.19     5.13
08-Mar-2001    12851     2.85     0.00     2.85
09-Mar-2001    12852     3.24     5.31     8.55
10-Mar-2001    12853     2.13     2.93     5.06
11-Mar-2001    12854     0.81     0.71     1.52
12-Mar-2001    12855     0.41     1.94     2.36
13-Mar-2001    12856     0.00     0.18     0.18
14-Mar-2001    12857     0.00     1.07     1.07
15-Mar-2001    12858     0.50     1.68     2.18
16-Mar-2001    12859     1.31     1.47     2.78
17-Mar-2001    12860     0.12     3.66     3.78
18-Mar-2001    12861     0.56     4.29     4.85
19-Mar-2001    12862     0.19     0.58     0.77
20-Mar-2001    12863     2.74     6.54     9.29
21-Mar-2001    12864     1.87     3.81     5.68
22-Mar-2001    12865     1.40     0.00     1.40
23-Mar-2001    12866     1.29     1.60     2.90
24-Mar-2001    12867    18.38     2.75    21.13
25-Mar-2001    12868    13.20     0.50    13.70
26-Mar-2001    12869    15.83     3.66    19.48
27-Mar-2001    12870    20.18    10.20    30.38
28-Mar-2001    12871    29.74     2.34    32.08
29-Mar-2001    12872    25.02     0.38    25.40
30-Mar-2001    12873    19.40     3.81    23.21
31-Mar-2001    12874     3.93     1.73     5.66
01-Apr-2001    12875    12.31     1.48    13.79
02-Apr-2001    12876    29.91     0.23    30.14
03-Apr-2001    12877     2.33     5.98     8.31
04-Apr-2001    12878     2.24     3.41     5.65
05-Apr-2001    12879     1.56    13.30    14.86
06-Apr-2001    12880     0.39     2.76     3.16
07-Apr-2001    12881     0.06     0.63     0.69
08-Apr-2001    12882     0.02     0.17     0.19
09-Apr-2001    12883     1.58    13.67    15.25
10-Apr-2001    12884     0.10    29.93    30.02
11-Apr-2001    12885     0.30    14.59    14.89
12-Apr-2001    12886     0.00    19.01    19.01
13-Apr-2001    12887     0.00     0.13     0.13
14-Apr-2001    12888     0.19     3.04     3.23
15-Apr-2001    12889     0.00    13.19    13.19
16-Apr-2001    12890     0.00     0.09     0.09
17-Apr-2001    12891     0.00     0.00     0.00
18-Apr-2001    12892     0.00     0.00     0.00
19-Apr-2001    12893     0.52     0.00     0.52
20-Apr-2001    12894     8.19     0.00     8.19
21-Apr-2001    12895     1.87     0.44     2.31
22-Apr-2001    12896     4.61     0.00     4.61
23-Apr-2001    12897    16.79     1.10    17.90
24-Apr-2001    12898    16.35     0.09    16.44
25-Apr-2001    12899    21.69     0.00    21.69
26-Apr-2001    12900    38.52     0.00    38.52
27-Apr-2001    12901    11.77     0.08    11.85
28-Apr-2001    12902     4.26     0.33     4.58
29-Apr-2001    12903     1.68     0.00     1.68
30-Apr-2001    12904     5.06     0.00     5.06
01-May-2001    12905     6.59     0.00     6.59
02-May-2001    12906     4.02     0.00     4.02
03-May-2001    12907     2.39     0.00     2.39
04-May-2001    12908     2.70     0.00     2.70
05-May-2001    12909     3.08     0.00     3.08
06-May-2001    12910     1.33     0.00     1.33
07-May-2001    12911     8.96     0.00     8.96
08-May-2001    12912     2.40     0.00     2.40
09-May-2001    12913     4.65     0.00     4.65
10-May-2001    12914     2.34     0.56     2.90
11-May-2001    12915     0.00     0.37     0.37
12-May-2001    12916     1.69    12.60    14.30
13-May-2001    12917     0.00     3.90     3.90
14-May-2001    12918     0.00     1.66     1.66
15-May-2001    12919     0.13     3.19     3.32
16-May-2001    12920     1.23     1.76     2.99
17-May-2001    12921     4.31     2.40     6.71
18-May-2001    12922     0.23     2.32     2.56
19-May-2001    12923     0.14     0.41     0.54
20-May-2001    12924     0.00     0.00     0.00
21-May-2001    12925     0.52     0.14     0.66
22-May-2001    12926     0.00     0.57     0.57
23-May-2001    12927     0.35     0.02     0.38
24-May-2001    12928     2.63     0.44     3.06
25-May-2001    12929     6.27     2.24     8.50
26-May-2001    12930     0.28     0.00     0.28
27-May-2001    12931     0.00     0.00     0.00
28-May-2001    12932     0.00     0.00     0.00
29-May-2001    12933     0.43     0.00     0.43
30-May-2001    12934     0.00     0.00     0.00
31-May-2001    12935     0.00     0.24     0.24
01-Jun-2001    12936     0.22     0.40     0.62
02-Jun-2001    12937     0.00     1.04     1.04
03-Jun-2001    12938     0.17     3.56     3.73
04-Jun-2001    12939     4.16     2.96     7.12
05-Jun-2001    12940     0.71     4.65     5.35
06-Jun-2001    12941     2.75     3.24     5.98
07-Jun-2001    12942     0.98     0.58     1.56
08-Jun-2001    12943     0.74     8.81     9.56
09-Jun-2001    12944     1.93    17.33    19.25
10-Jun-2001    12945     0.94     4.67     5.60
11-Jun-2001    12946     0.79     1.80     2.60
12-Jun-2001    12947     0.66     1.60     2.26
13-Jun-2001    12948     3.02     4.84     7.87
14-Jun-2001    12949     2.22     0.00     2.22
15-Jun-2001    12950     2.81     4.12     6.93
16-Jun-2001    12951     3.46     0.77     4.23
17-Jun-2001    12952     0.42     0.00     0.42
18-Jun-2001    12953    13.17     0.00    13.17
19-Jun-2001    12954     0.19     1.32     1.51
20-Jun-2001    12955     8.39     0.00     8.39
21-Jun-2001    12956     3.69     0.00     3.69
22-Jun-2001    12957     6.24     1.22     7.47
23-Jun-2001    12958    14.17     0.23    14.40
24-Jun-2001    12959     0.79     0.00     0.79
25-Jun-2001    12960     1.09     0.63     1.72
26-Jun-2001    12961     2.11     0.00     2.11
27-Jun-2001    12962     0.63     3.00     3.63
28-Jun-2001    12963     0.45     1.59     2.05
29-Jun-2001    12964     0.00     0.41     0.41
30-Jun-2001    12965     0.00     0.05     0.05
01-Jul-2001    12966     0.00     0.00     0.00
02-Jul-2001    12967     0.00     0.00     0.00
03-Jul-2001    12968     0.31     0.00     0.31
04-Jul-2001    12969     0.00     0.00     0.00
05-Jul-2001    12970     0.15     0.00     0.15
06-Jul-2001    12971     0.00     0.02     0.02
07-Jul-2001    12972     0.00     0.47     0.47
08-Jul-2001    12973     0.00     2.01     2.01
09-Jul-2001    12974     0.29     2.80     3.09
10-Jul-2001    12975     0.00     0.25     0.25
11-Jul-2001    12976     0.00     0.09     0.09
12-Jul-2001    12977     0.00     0.06     0.06
13-Jul-2001    12978     0.19     0.13     0.31
14-Jul-2001    12979     0.52     3.88     4.40
15-Jul-2001    12980     0.20     6.41     6.61
16-Jul-2001    12981     2.42     7.85    10.28
17-Jul-2001    12982     0.26     1.08     1.34
18-Jul-2001    12983     0.74     0.78     1.51
19-Jul-2001    12984     1.95     8.14    10.08
20-Jul-2001    12985     0.25     0.72     0.97
21-Jul-2001    12986     0.94     1.65     2.59
22-Jul-2001    12987     0.09     1.90     1.99
23-Jul-2001    12988     0.38     1.38     1.75
24-Jul-2001    12989     0.26     0.84     1.10
25-Jul-2001    12990     0.81     0.23     1.04
26-Jul-2001    12991     0.00     0.00     0.00
27-Jul-2001    12992     0.00     1.39     1.39
28-Jul-2001    12993     0.00     2.95     2.95
29-Jul-2001    12994     0.00     0.38     0.38
30-Jul-2001    12995     0.00     0.00     0.00
31-Jul-2001    12996     0.37     1.46     1.83
01-Aug-2001    12997     0.42     2.41     2.83
02-Aug-2001    12998     4.18     1.48     5.66
03-Aug-2001    12999     1.84     2.46     4.30
04-Aug-2001    13000     4.36     1.20     5.56
05-Aug-2001    13001     3.35     7.94    11.29
06-Aug-2001    13002     1.29     2.36     3.65
07-Aug-2001    13003     1.52     7.28     8.80
08-Aug-2001    13004     2.21     1.55     3.76
09-Aug-2001    13005     1.96     2.67     4.63
10-Aug-2001    13006     1.35     0.50     1.85
11-Aug-2001    13007     2.32     0.84     3.16
12-Aug-2001    13008     0.21     0.27     0.48
13-Aug-2001    13009     0.00     0.28     0.28
14-Aug-2001    13010     0.07     0.77     0.84
15-Aug-2001    13011     0.00     0.11     0.11
16-Aug-2001    13012     0.10     0.13     0.23
17-Aug-2001    13013     0.93     0.26     1.19
18-Aug-2001    13014     4.09     0.29     4.38
19-Aug-2001    13015     0.75     0.04     0.79
20-Aug-2001    13016     3.56     0.91     4.48
21-Aug-2001    13017     0.31     0.00     0.31
22-Aug-2001    13018     0.07     3.50     3.57
23-Aug-2001    13019     0.00     2.61     2.61
24-Aug-2001    13020     0.15    10.53    10.68
25-Aug-2001    13021     0.00    46.25    46.25
26-Aug-2001    13022     0.00     4.40     4.40
27-Aug-2001    13023     0.19     6.80     6.99
28-Aug-2001    13024     5.96     3.59     9.55
29-Aug-2001    13025    15.43     2.48    17.92
30-Aug-2001    13026     2.04     9.84    11.89
31-Aug-2001    13027    14.76     0.71    15.47
01-Sep-2001    13028     1.07     0.15     1.21
02-Sep-2001    13029    10.41     8.34    18.76
03-Sep-2001    13030     6.52     0.35     6.87
04-Sep-2001    13031     5.89     4.77    10.66
05-Sep-2001    13032    10.18     6.57    16.75
06-Sep-2001    13033     0.78     8.62     9.40
07-Sep-2001    13034     2.06     1.92     3.98
08-Sep-2001    13035     2.77     8.34    11.11
09-Sep-2001    13036     0.02    33.10    33.13
10-Sep-2001    13037     0.00     6.49     6.49
11-Sep-2001    13038     1.65     4.58     6.23
12-Sep-2001    13039     0.25     4.89     5.14
13-Sep-2001    13040     0.79     7.43     8.21
14-Sep-2001    13041     0.00     5.45     5.45
15-Sep-2001    13042     0.00    13.73    13.73
16-Sep-2001    13043     1.52    22.12    23.65
17-Sep-2001    13044     0.29    10.35    10.65
18-Sep-2001    13045     2.09     1.79     3.87
19-Sep-2001    13046     2.58     0.82     3.40
20-Sep-2001    13047     2.20     0.88     3.08
21-Sep-2001    13048     4.65     1.46     6.10
22-Sep-2001    13049     3.61     5.69     9.29
23-Sep-2001    13050     3.17     4.57     7.74
24-Sep-2001    13051     1.96    27.15    29.10
25-Sep-2001    13052     0.69    12.42    13.10
26-Sep-2001    13053     5.11     5.55    10.66
27-Sep-2001    13054     1.94     3.31     5.25
28-Sep-2001    13055    19.27    21.81    41.08
29-Sep-2001    13056    20.07     0.62    20.69
30-Sep-2001    13057     5.88     2.33     8.21
01-Oct-2001    13058     0.65     1.14     1.79
02-Oct-2001    13059     0.30     2.76     3.07
03-Oct-2001    13060     6.30     0.98     7.28
04-Oct-2001    13061     0.95     0.77     1.72
05-Oct-2001    13062     0.28     3.08     3.36
06-Oct-2001    13063     0.00     3.17     3.17
07-Oct-2001    13064     0.00     1.40     1.40
08-Oct-2001    13065     0.13     0.00     0.13
09-Oct-2001    13066     1.76    12.51    14.27
10-Oct-2001    13067     1.72     1.66     3.38
11-Oct-2001    13068     0.98     0.25     1.23
12-Oct-2001    13069     1.60     1.27     2.87
13-Oct-2001    13070     0.27     0.73     1.00
14-Oct-2001    13071     1.48     0.38     1.85
15-Oct-2001    13072     2.85     0.00     2.85
16-Oct-2001    13073     2.78     0.17     2.95
17-Oct-2001    13074     1.92     1.02     2.93
18-Oct-2001    13075     5.70     4.36    10.06
19-Oct-2001    13076    39.67     7.51    47.18
20-Oct-2001    13077     0.83     2.28     3.12
21-Oct-2001    13078     9.29     2.21    11.50
22-Oct-2001    13079     7.07    28.32    35.39
23-Oct-2001    13080     5.86     6.22    12.09
24-Oct-2001    13081     6.62     1.22     7.84
25-Oct-2001    13082     3.31    47.43    50.74
26-Oct-2001    13083     8.60     2.39    10.99
27-Oct-2001    13084     5.09     1.44     6.52
28-Oct-2001    13085    11.78     0.00    11.78
29-Oct-2001    13086    13.01     0.45    13.46
30-Oct-2001    13087    12.01     0.00    12.01
31-Oct-2001    13088     6.42     0.00     6.42
01-Nov-2001    13089    10.63     2.26    12.89
02-Nov-2001    13090     1.65     1.38     3.02
03-Nov-2001    13091     1.97     0.34     2.31
04-Nov-2001    13092    72.72     2.28    75.00
05-Nov-2001    13093     2.04     2.94     4.98
06-Nov-2001    13094     0.00     4.39     4.39
07-Nov-2001    13095     1.93    10.75    12.68
08-Nov-2001    13096     1.92    16.58    18.49
09-Nov-2001    13097     0.94    23.18    24.12
10-Nov-2001    13098     0.29    10.54    10.83
11-Nov-2001    13099     0.87     6.69     7.55
12-Nov-2001    13100     3.87     1.07     4.95
13-Nov-2001    13101     0.00     2.70     2.70
14-Nov-2001    13102     1.86     4.82     6.68
15-Nov-2001    13103     3.30     1.70     5.00
16-Nov-2001    13104     1.29     0.60     1.88
17-Nov-2001    13105     0.64    34.81    35.45
18-Nov-2001    13106     0.91     0.72     1.62
19-Nov-2001    13107     0.16     2.99     3.16
20-Nov-2001    13108     0.00     4.52     4.52
21-Nov-2001    13109     0.00     8.21     8.21
22-Nov-2001    13110     0.11    24.25    24.36
23-Nov-2001    13111     0.00     0.87     0.87
24-Nov-2001    13112     0.28    12.03    12.32
25-Nov-2001    13113     2.01     4.08     6.09
26-Nov-2001    13114     0.33     0.33     0.65
27-Nov-2001    13115     2.44     9.18    11.62
28-Nov-2001    13116     5.87     3.35     9.22
29-Nov-2001    13117     7.49     1.12     8.60
30-Nov-2001    13118     1.15     3.22     4.36
01-Dec-2001    13119     1.96    24.00    25.96
02-Dec-2001    13120     5.56     1.96     7.52
03-Dec-2001    13121     1.70     5.51     7.20
04-Dec-2001    13122     0.18     7.11     7.29
05-Dec-2001    13123     0.18     3.74     3.92
06-Dec-2001    13124     0.41    11.66    12.07
07-Dec-2001    13125     4.23     7.42    11.65
08-Dec-2001    13126     0.21     2.15     2.35
09-Dec-2001    13127     0.65     5.45     6.10
10-Dec-2001    13128     2.41     6.84     9.25
11-Dec-2001    13129     8.38     3.60    11.98
12-Dec-2001    13130     7.63    10.26    17.89
13-Dec-2001    13131    16.72    10.32    27.04
14-Dec-2001    13132    11.02     4.10    15.11
15-Dec-2001    13133     3.02     0.49     3.51
16-Dec-2001    13134    20.68     0.96    21.64
17-Dec-2001    13135     1.70     0.10     1.80
18-Dec-2001    13136     3.68     0.42     4.10
19-Dec-2001    13137     2.66     1.46     4.11
20-Dec-2001    13138     8.29     0.11     8.40
21-Dec-2001    13139     2.11     1.93     4.04
22-Dec-2001    13140     0.21     1.99     2.19
23-Dec-2001    13141     1.26     6.95     8.21
24-Dec-2001    13142     3.66    11.41    15.07
25-Dec-2001    13143     4.31     5.88    10.19
26-Dec-2001    13144    42.50     8.44    50.94
27-Dec-2001    13145     2.93    35.09    38.02
28-Dec-2001    13146     2.24     3.98     6.22
29-Dec-2001    13147     1.57     1.57     3.15
30-Dec-2001    13148     1.12     1.05     2.17
31-Dec-2001    13149     0.58     3.34     3.92