
            DAILY SOLAR FLARE INDEX
           01 JAN 1994 - 31 DEC 1994
________________________________________________

  TIME (DAY)            NORTH    SOUTH    TOTAL
================================================
  01-Jan-94    10228     0.76     2.56     3.32
  02-Jan-94    10229     0.52     0.13     0.65
  03-Jan-94    10230     2.42     0.17     2.58
  04-Jan-94    10231     6.65     1.67     8.31
  05-Jan-94    10232     3.11     6.75     9.86
  06-Jan-94    10233     1.47     3.35     4.82
  07-Jan-94    10234     0.55     7.94     8.50
  08-Jan-94    10235     0.08     3.63     3.71
  09-Jan-94    10236     0.00     1.03     1.03
  10-Jan-94    10237     1.09     0.00     1.09
  11-Jan-94    10238     1.05     0.00     1.05
  12-Jan-94    10239     0.77     0.00     0.77
  13-Jan-94    10240     0.73     0.00     0.73
  14-Jan-94    10241     0.44     0.00     0.44
  15-Jan-94    10242     0.38     1.01     1.39
  16-Jan-94    10243     3.71     0.00     3.71
  17-Jan-94    10244     2.19     0.00     2.19
  18-Jan-94    10245     1.51     0.00     1.51
  19-Jan-94    10246     2.25     0.00     2.25
  20-Jan-94    10247     0.48     0.16     0.65
  21-Jan-94    10248     3.11     0.00     3.11
  22-Jan-94    10249     2.00     0.00     2.00
  23-Jan-94    10250     2.00     0.00     2.00
  24-Jan-94    10251     2.82     0.00     2.82
  25-Jan-94    10252    10.92     0.00    10.92
  26-Jan-94    10253     5.83     0.00     5.83
  27-Jan-94    10254     3.82     0.00     3.82
  28-Jan-94    10255     0.30     0.39     0.68
  29-Jan-94    10256     1.23     0.49     1.72
  30-Jan-94    10257     0.00     0.00     0.00
  31-Jan-94    10258     0.37     0.19     0.56
  01-Feb-94    10259     0.08     0.00     0.08
  02-Feb-94    10260     0.00     0.00     0.00
  03-Feb-94    10261     1.45     0.42     1.86
  04-Feb-94    10262     0.00     0.12     0.12
  05-Feb-94    10263     0.00     0.00     0.00
  06-Feb-94    10264     0.00     1.36     1.36
  07-Feb-94    10265     0.00     1.10     1.10
  08-Feb-94    10266     6.98     0.00     6.98
  09-Feb-94    10267     1.21     1.51     2.72
  10-Feb-94    10268     0.23     0.09     0.32
  11-Feb-94    10269     0.13     0.00     0.13
  12-Feb-94    10270     0.99     0.00     0.99
  13-Feb-94    10271     0.00     0.00     0.00
  14-Feb-94    10272     0.00     0.00     0.00
  15-Feb-94    10273     1.25     0.00     1.25
  16-Feb-94    10274     1.57     0.00     1.57
  17-Feb-94    10275     0.75     0.00     0.75
  18-Feb-94    10276     6.71     0.00     6.71
  19-Feb-94    10277     0.20     0.00     0.20
  20-Feb-94    10278    33.60     0.00    33.60
  21-Feb-94    10279     0.16     0.00     0.16
  22-Feb-94    10280     0.00     0.00     0.00
  23-Feb-94    10281     0.00     0.00     0.00
  24-Feb-94    10282     0.23     0.00     0.23
  25-Feb-94    10283     0.49     0.00     0.49
  26-Feb-94    10284     0.00     2.38     2.38
  27-Feb-94    10285     0.00     0.21     0.21
  28-Feb-94    10286     0.00     0.36     0.36
  01-Mar-94    10287     0.00     1.65     1.65
  02-Mar-94    10288     0.00    15.25    15.25
  03-Mar-94    10289     0.00    54.67    54.67
  04-Mar-94    10290     0.00    13.70    13.70
  05-Mar-94    10291     0.00     0.79     0.79
  06-Mar-94    10292     1.75     1.69     3.44
  07-Mar-94    10293     0.00     0.13     0.13
  08-Mar-94    10294     0.00     0.00     0.00
  09-Mar-94    10295     0.79     0.00     0.79
  10-Mar-94    10296     0.00     0.00     0.00
  11-Mar-94    10297     0.00     0.00     0.00
  12-Mar-94    10298     1.30     0.35     1.65
  13-Mar-94    10299     0.28     0.36     0.64
  14-Mar-94    10300     0.00     0.00     0.00
  15-Mar-94    10301     0.17     0.00     0.17
  16-Mar-94    10302     0.15     0.00     0.15
  17-Mar-94    10303     0.00     0.00     0.00
  18-Mar-94    10304     0.00     0.00     0.00
  19-Mar-94    10305     0.00     0.00     0.00
  20-Mar-94    10306     0.00     0.00     0.00
  21-Mar-94    10307     2.96     0.00     2.96
  22-Mar-94    10308     0.00     0.00     0.00
  23-Mar-94    10309     1.47     0.00     1.47
  24-Mar-94    10310     1.94     1.38     3.32
  25-Mar-94    10311     0.00     0.00     0.00
  26-Mar-94    10312     0.00     0.00     0.00
  27-Mar-94    10313     0.00     0.00     0.00
  28-Mar-94    10314     1.12     0.71     1.83
  29-Mar-94    10315     1.99     0.12     2.11
  30-Mar-94    10316     3.72     0.58     4.31
  31-Mar-94    10317     0.00     0.00     0.00
  01-Apr-94    10318     0.00     0.00     0.00
  02-Apr-94    10319     0.00     0.00     0.00
  03-Apr-94    10320     0.00     0.00     0.00
  04-Apr-94    10321     0.00     0.00     0.00
  05-Apr-94    10322     0.00     0.00     0.00
  06-Apr-94    10323     0.00     0.00     0.00
  07-Apr-94    10324     0.00     0.00     0.00
  08-Apr-94    10325     0.00     0.00     0.00
  09-Apr-94    10326     0.00     0.00     0.00
  10-Apr-94    10327     1.41     0.00     1.41
  11-Apr-94    10328     0.00     0.00     0.00
  12-Apr-94    10329     0.20     0.00     0.20
  13-Apr-94    10330     0.43     0.00     0.43
  14-Apr-94    10331     0.35     0.00     0.35
  15-Apr-94    10332     0.13     0.00     0.13
  16-Apr-94    10333     0.54     0.00     0.54
  17-Apr-94    10334     0.23     0.00     0.23
  18-Apr-94    10335     0.00     0.00     0.00
  19-Apr-94    10336     1.64     0.57     2.21
  20-Apr-94    10337     0.47     0.00     0.47
  21-Apr-94    10338     3.56     1.21     4.77
  22-Apr-94    10339    10.73     0.28    11.02
  23-Apr-94    10340     0.15     0.00     0.15
  24-Apr-94    10341     0.23     0.00     0.23
  25-Apr-94    10342     0.21     0.00     0.21
  26-Apr-94    10343     0.00     0.00     0.00
  27-Apr-94    10344     0.10     0.00     0.10
  28-Apr-94    10345     2.12     0.00     2.12
  29-Apr-94    10346     1.17     0.00     1.17
  30-Apr-94    10347     0.42     0.69     1.11
  01-May-94    10348     0.00     0.00     0.00
  02-May-94    10349     0.11     0.00     0.11
  03-May-94    10350     0.00     0.00     0.00
  04-May-94    10351     0.00     0.00     0.00
  05-May-94    10352     0.00     0.00     0.00
  06-May-94    10353     0.00     0.00     0.00
  07-May-94    10354     0.00     0.41     0.41
  08-May-94    10355     0.00     0.00     0.00
  09-May-94    10356     0.00     0.09     0.09
  10-May-94    10357     0.00     0.54     0.54
  11-May-94    10358     0.00     0.00     0.00
  12-May-94    10359     0.86     0.19     1.05
  13-May-94    10360     1.32     0.70     2.02
  14-May-94    10361     0.69     0.00     0.69
  15-May-94    10362     0.19     0.00     0.19
  16-May-94    10363     0.94     0.00     0.94
  17-May-94    10364     0.69     0.46     1.15
  18-May-94    10365     1.45     0.00     1.45
  19-May-94    10366     0.00     0.00     0.00
  20-May-94    10367     0.53     0.00     0.53
  21-May-94    10368     0.67     0.00     0.67
  22-May-94    10369     0.34     0.00     0.34
  23-May-94    10370     1.27     0.00     1.27
  24-May-94    10371     0.47     0.00     0.47
  25-May-94    10372     0.00     0.00     0.00
  26-May-94    10373     0.00     0.00     0.00
  27-May-94    10374     0.00     0.00     0.00
  28-May-94    10375     0.00     0.00     0.00
  29-May-94    10376     0.00     0.00     0.00
  30-May-94    10377     0.00     0.00     0.00
  31-May-94    10378     0.00     0.00     0.00
  01-Jun-94    10379     0.27     0.00     0.27
  02-Jun-94    10380     0.00     0.00     0.00
  03-Jun-94    10381     0.00     0.00     0.00
  04-Jun-94    10382     0.00     0.00     0.00
  05-Jun-94    10383     0.00     0.00     0.00
  06-Jun-94    10384     0.00     1.95     1.95
  07-Jun-94    10385     0.00     2.96     2.96
  08-Jun-94    10386     0.00     0.00     0.00
  09-Jun-94    10387     0.00     0.94     0.94
  10-Jun-94    10388     0.00     0.48     0.48
  11-Jun-94    10389     0.45     0.00     0.45
  12-Jun-94    10390     0.00     0.64     0.64
  13-Jun-94    10391     0.00     0.00     0.00
  14-Jun-94    10392     0.13     0.00     0.13
  15-Jun-94    10393     0.39     0.90     1.29
  16-Jun-94    10394     0.75     0.06     0.81
  17-Jun-94    10395     0.23     0.23     0.46
  18-Jun-94    10396     0.00     0.16     0.16
  19-Jun-94    10397     0.00     0.13     0.13
  20-Jun-94    10398     0.00     0.00     0.00
  21-Jun-94    10399     0.00     0.00     0.00
  22-Jun-94    10400     0.00     0.00     0.00
  23-Jun-94    10401     0.00     0.00     0.00
  24-Jun-94    10402     0.00     1.14     1.14
  25-Jun-94    10403     0.00     0.00     0.00
  26-Jun-94    10404     0.00     0.00     0.00
  27-Jun-94    10405     0.00     0.32     0.32
  28-Jun-94    10406     0.00     0.00     0.00
  29-Jun-94    10407     0.00     2.03     2.03
  30-Jun-94    10408     0.00     9.79     9.79
  01-Jul-94    10409     0.00     1.38     1.38
  02-Jul-94    10410     0.00     1.12     1.12
  03-Jul-94    10411     0.00     1.75     1.75
  04-Jul-94    10412     0.00     0.38     0.38
  05-Jul-94    10413     0.18     0.00     0.18
  06-Jul-94    10414     0.71     0.00     0.71
  07-Jul-94    10415     4.29     0.21     4.50
  08-Jul-94    10416     0.00     0.11     0.11
  09-Jul-94    10417     0.21     0.35     0.56
  10-Jul-94    10418     0.46     0.63     1.09
  11-Jul-94    10419     0.00     0.50     0.50
  12-Jul-94    10420     1.25     0.00     1.25
  13-Jul-94    10421     0.94     0.71     1.65
  14-Jul-94    10422     0.46     0.23     0.69
  15-Jul-94    10423     2.19     1.17     3.35
  16-Jul-94    10424     1.45     0.43     1.88
  17-Jul-94    10425     0.00     0.00     0.00
  18-Jul-94    10426     0.00     0.27     0.27
  19-Jul-94    10427     0.00     0.66     0.66
  20-Jul-94    10428     0.54     0.48     1.03
  21-Jul-94    10429     0.36     0.00     0.36
  22-Jul-94    10430     0.00     0.50     0.50
  23-Jul-94    10431     0.13     0.00     0.13
  24-Jul-94    10432     0.00     0.00     0.00
  25-Jul-94    10433     0.55     0.00     0.55
  26-Jul-94    10434     0.91     0.00     0.91
  27-Jul-94    10435     0.00     0.13     0.13
  28-Jul-94    10436     0.00     0.00     0.00
  29-Jul-94    10437     0.17     1.49     1.66
  30-Jul-94    10438     0.00     0.48     0.48
  31-Jul-94    10439     0.00     0.00     0.00
  01-Aug-94    10440     0.00     0.00     0.00
  02-Aug-94    10441     3.65     0.00     3.65
  03-Aug-94    10442     0.00     0.00     0.00
  04-Aug-94    10443     0.00     0.00     0.00
  05-Aug-94    10444     0.00     0.00     0.00
  06-Aug-94    10445     3.52     0.00     3.52
  07-Aug-94    10446     0.77     0.00     0.77
  08-Aug-94    10447     0.31     0.00     0.31
  09-Aug-94    10448     0.18     0.00     0.18
  10-Aug-94    10449     0.51     0.00     0.51
  11-Aug-94    10450     0.00     0.13     0.13
  12-Aug-94    10451     0.00     2.93     2.93
  13-Aug-94    10452     0.00     3.20     3.20
  14-Aug-94    10453     0.00     7.11     7.11
  15-Aug-94    10454     0.00     7.96     7.96
  16-Aug-94    10455     0.00     1.85     1.85
  17-Aug-94    10456     0.00     5.54     5.54
  18-Aug-94    10457     0.00     2.07     2.07
  19-Aug-94    10458     0.00     2.21     2.21
  20-Aug-94    10459     0.00     0.31     0.31
  21-Aug-94    10460     0.00     0.00     0.00
  22-Aug-94    10461     0.45     0.00     0.45
  23-Aug-94    10462     0.09     0.45     0.54
  24-Aug-94    10463     0.00     0.00     0.00
  25-Aug-94    10464     0.00     0.00     0.00
  26-Aug-94    10465     0.00     0.48     0.48
  27-Aug-94    10466     0.00     0.00     0.00
  28-Aug-94    10467     0.00     0.00     0.00
  29-Aug-94    10468     0.00     0.73     0.73
  30-Aug-94    10469     0.00     4.28     4.28
  31-Aug-94    10470     0.00     6.21     6.21
  01-Sep-94    10471     0.25     1.72     1.97
  02-Sep-94    10472     0.00     0.05     0.05
  03-Sep-94    10473     0.00     1.58     1.58
  04-Sep-94    10474     0.00     0.76     0.76
  05-Sep-94    10475     0.17     3.38     3.54
  06-Sep-94    10476     0.00    12.08    12.08
  07-Sep-94    10477     0.62     1.60     2.21
  08-Sep-94    10478     0.00     0.97     0.97
  09-Sep-94    10479     0.00     0.09     0.09
  10-Sep-94    10480     1.04     0.35     1.40
  11-Sep-94    10481     0.00     5.58     5.58
  12-Sep-94    10482     0.00     1.12     1.12
  13-Sep-94    10483     0.00     0.00     0.00
  14-Sep-94    10484     0.00     0.00     0.00
  15-Sep-94    10485     0.00     0.00     0.00
  16-Sep-94    10486     0.00     0.00     0.00
  17-Sep-94    10487     0.77     0.00     0.77
  18-Sep-94    10488     0.27     0.00     0.27
  19-Sep-94    10489     0.00     0.00     0.00
  20-Sep-94    10490     0.00     0.00     0.00
  21-Sep-94    10491     0.00     0.00     0.00
  22-Sep-94    10492     0.00     0.00     0.00
  23-Sep-94    10493     0.17     0.00     0.17
  24-Sep-94    10494     0.00     0.00     0.00
  25-Sep-94    10495     0.10     0.00     0.10
  26-Sep-94    10496     0.00     0.00     0.00
  27-Sep-94    10497     0.00     0.52     0.52
  28-Sep-94    10498     0.00     0.00     0.00
  29-Sep-94    10499     0.00     0.00     0.00
  30-Sep-94    10500     0.00     0.00     0.00
  01-Oct-94    10501     0.00     0.00     0.00
  02-Oct-94    10502     0.00     0.00     0.00
  03-Oct-94    10503     0.00     0.00     0.00
  04-Oct-94    10504     0.00     0.00     0.00
  05-Oct-94    10505     1.49     2.44     3.93
  06-Oct-94    10506     0.37     0.78     1.15
  07-Oct-94    10507     0.00     2.79     2.79
  08-Oct-94    10508     0.00     0.21     0.21
  09-Oct-94    10509     0.00     2.65     2.65
  10-Oct-94    10510     0.00     0.73     0.73
  11-Oct-94    10511     0.35     0.10     0.45
  12-Oct-94    10512     0.98     0.00     0.98
  13-Oct-94    10513     4.16     1.82     5.98
  14-Oct-94    10514     3.89     0.00     3.89
  15-Oct-94    10515     1.59     0.77     2.37
  16-Oct-94    10516     0.36     0.27     0.63
  17-Oct-94    10517     2.16     0.00     2.16
  18-Oct-94    10518     1.42     0.65     2.07
  19-Oct-94    10519     4.97     0.00     4.97
  20-Oct-94    10520     0.00     0.00     0.00
  21-Oct-94    10521     0.00     0.23     0.23
  22-Oct-94    10522     4.46     0.57     5.02
  23-Oct-94    10523     1.72     0.00     1.72
  24-Oct-94    10524     0.00     0.00     0.00
  25-Oct-94    10525     0.96    18.49    19.45
  26-Oct-94    10526     1.53     0.00     1.53
  27-Oct-94    10527     0.00     0.32     0.32
  28-Oct-94    10528     0.30     0.00     0.30
  29-Oct-94    10529     2.78     0.00     2.78
  30-Oct-94    10530     1.06     0.00     1.06
  31-Oct-94    10531     1.03     0.19     1.21
  01-Nov-94    10532     0.49     0.00     0.49
  02-Nov-94    10533     1.55     0.00     1.55
  03-Nov-94    10534     0.00     0.54     0.54
  04-Nov-94    10535     0.00     0.00     0.00
  05-Nov-94    10536     0.00     0.00     0.00
  06-Nov-94    10537     0.00     0.00     0.00
  07-Nov-94    10538     0.00     0.00     0.00
  08-Nov-94    10539     0.00     1.52     1.52
  09-Nov-94    10540     0.00     0.23     0.23
  10-Nov-94    10541     0.00     0.00     0.00
  11-Nov-94    10542     0.00     0.00     0.00
  12-Nov-94    10543     0.00     0.00     0.00
  13-Nov-94    10544     4.55     0.00     4.55
  14-Nov-94    10545     0.00     0.00     0.00
  15-Nov-94    10546     0.00     0.00     0.00
  16-Nov-94    10547     0.00     0.00     0.00
  17-Nov-94    10548     0.00     0.00     0.00
  18-Nov-94    10549     0.00     1.44     1.44
  19-Nov-94    10550     0.00     0.00     0.00
  20-Nov-94    10551     0.00     0.15     0.15
  21-Nov-94    10552     0.00     0.00     0.00
  22-Nov-94    10553     0.00     0.00     0.00
  23-Nov-94    10554     0.00     0.00     0.00
  24-Nov-94    10555     0.23     0.00     0.23
  25-Nov-94    10556     0.00     0.00     0.00
  26-Nov-94    10557     0.00     2.04     2.04
  27-Nov-94    10558     0.00     1.21     1.21
  28-Nov-94    10559     0.00     0.38     0.38
  29-Nov-94    10560     0.00     0.52     0.52
  30-Nov-94    10561     0.67     5.25     5.92
  01-Dec-94    10562     0.00     0.47     0.47
  02-Dec-94    10563     0.27     0.40     0.67
  03-Dec-94    10564     2.09     0.00     2.09
  04-Dec-94    10565     0.77     0.43     1.20
  05-Dec-94    10566     0.00     0.22     0.22
  06-Dec-94    10567     0.00     0.45     0.45
  07-Dec-94    10568     0.00     2.11     2.11
  08-Dec-94    10569     0.00     5.53     5.53
  09-Dec-94    10570     0.00     1.79     1.79
  10-Dec-94    10571     0.00     0.96     0.96
  11-Dec-94    10572     0.00     2.27     2.27
  12-Dec-94    10573     0.00     6.74     6.74
  13-Dec-94    10574     0.00     1.10     1.10
  14-Dec-94    10575     0.00     0.81     0.81
  15-Dec-94    10576     0.00     0.31     0.31
  16-Dec-94    10577     6.46     1.24     7.70
  17-Dec-94    10578     0.77     0.13     0.90
  18-Dec-94    10579     2.31     0.31     2.63
  19-Dec-94    10580     0.23     0.96     1.19
  20-Dec-94    10581     0.00     0.00     0.00
  21-Dec-94    10582     0.21     0.45     0.67
  22-Dec-94    10583     0.56     0.00     0.56
  23-Dec-94    10584     0.00     0.00     0.00
  24-Dec-94    10585     0.00     0.46     0.46
  25-Dec-94    10586     0.00     1.57     1.57
  26-Dec-94    10587     0.43     0.38     0.80
  27-Dec-94    10588     0.00     0.21     0.21
  28-Dec-94    10589     0.00     0.00     0.00
  29-Dec-94    10590     0.00     0.00     0.00
  30-Dec-94    10591     0.00     0.00     0.00
  31-Dec-94    10592     0.00     0.00     0.00