
            DAILY SOLAR FLARE INDEX
           01 JAN 1968 - 31 DEC 1968
________________________________________________

  TIME (DAY)            NORTH    SOUTH    TOTAL
================================================
  01-Jan-68      731     0.00     5.65     5.65
  02-Jan-68      732     1.06     2.72     3.79
  03-Jan-68      733     0.79     1.62     2.41
  04-Jan-68      734     5.11     1.77     6.88
  05-Jan-68      735     5.09     0.85     5.94
  06-Jan-68      736     2.38     3.13     5.50
  07-Jan-68      737     7.21     2.42     9.63
  08-Jan-68      738    10.92     0.00    10.92
  09-Jan-68      739     4.98     3.43     8.41
  10-Jan-68      740     0.79     1.75     2.54
  11-Jan-68      741     1.88     2.29     4.17
  12-Jan-68      742     1.13     3.58     4.71
  13-Jan-68      743     3.25     0.29     3.54
  14-Jan-68      744    10.42     1.83    12.25
  15-Jan-68      745    11.33     1.00    12.33
  16-Jan-68      746     4.38     0.00     4.38
  17-Jan-68      747     2.88     1.71     4.58
  18-Jan-68      748     0.60     4.15     4.74
  19-Jan-68      749     0.50     0.17     0.67
  20-Jan-68      750     2.58     0.50     3.08
  21-Jan-68      751     1.08     0.00     1.08
  22-Jan-68      752     0.33     2.17     2.50
  23-Jan-68      753     3.63     0.00     3.63
  24-Jan-68      754     0.00     0.42     0.42
  25-Jan-68      755     2.42     0.00     2.42
  26-Jan-68      756     4.33     0.00     4.33
  27-Jan-68      757     3.33     1.29     4.62
  28-Jan-68      758     7.67     0.67     8.33
  29-Jan-68      759     8.19     0.48     8.68
  30-Jan-68      760    13.21     0.83    14.04
  31-Jan-68      761     7.00     0.00     7.00
  01-Feb-68      762    15.58     1.58    17.17
  02-Feb-68      763    14.96     0.92    15.88
  03-Feb-68      764     5.42     0.00     5.42
  04-Feb-68      765     3.67     0.00     3.67
  05-Feb-68      766     4.25     0.38     4.63
  06-Feb-68      767     0.92     0.33     1.25
  07-Feb-68      768     1.00     0.00     1.00
  08-Feb-68      769     2.96     0.50     3.46
  09-Feb-68      770     1.50     0.00     1.50
  10-Feb-68      771     3.33     8.04    11.38
  11-Feb-68      772     2.96     0.00     2.96
  12-Feb-68      773     2.18     0.00     2.18
  13-Feb-68      774     0.00     0.00     0.00
  14-Feb-68      775     1.63     0.00     1.63
  15-Feb-68      776     5.71     3.13     8.83
  16-Feb-68      777     2.13     3.25     5.38
  17-Feb-68      778     6.79     0.00     6.79
  18-Feb-68      779     8.38     8.63    17.00
  19-Feb-68      780     0.00    11.17    11.17
  20-Feb-68      781     2.50     0.83     3.33
  21-Feb-68      782     1.50     3.29     4.79
  22-Feb-68      783     2.75     2.25     5.00
  23-Feb-68      784     4.67     0.92     5.58
  24-Feb-68      785     1.46     1.29     2.75
  25-Feb-68      786     3.83     6.50    10.33
  26-Feb-68      787     5.46     6.75    12.21
  27-Feb-68      788     0.00     6.00     6.00
  28-Feb-68      789     0.00     1.50     1.50
  29-Feb-68      790     0.46     0.00     0.46
  01-Mar-68      791     0.46     0.00     0.46
  02-Mar-68      792     1.53     4.30     5.83
  03-Mar-68      793     0.00     1.76     1.76
  04-Mar-68      794     0.00     2.46     2.46
  05-Mar-68      795     0.00     0.00     0.00
  06-Mar-68      796     0.00     0.38     0.38
  07-Mar-68      797     0.75     2.25     3.00
  08-Mar-68      798     0.00     0.00     0.00
  09-Mar-68      799     0.45     0.27     0.72
  10-Mar-68      800     0.00     0.79     0.79
  11-Mar-68      801     0.00     0.00     0.00
  12-Mar-68      802     0.21     0.58     0.79
  13-Mar-68      803     0.58     0.33     0.92
  14-Mar-68      804     1.04     1.83     2.88
  15-Mar-68      805     2.33     0.00     2.33
  16-Mar-68      806     0.00     0.46     0.46
  17-Mar-68      807     2.00     0.00     2.00
  18-Mar-68      808     0.71     0.00     0.71
  19-Mar-68      809     0.46     0.00     0.46
  20-Mar-68      810     0.50     0.00     0.50
  21-Mar-68      811     3.43     4.15     7.58
  22-Mar-68      812     0.00     4.63     4.63
  23-Mar-68      813     0.00     2.96     2.96
  24-Mar-68      814     0.00     7.42     7.42
  25-Mar-68      815     0.00     5.83     5.83
  26-Mar-68      816     1.58     0.58     2.17
  27-Mar-68      817     1.33     9.17    10.50
  28-Mar-68      818     0.00     7.54     7.54
  29-Mar-68      819     1.08     0.00     1.08
  30-Mar-68      820     0.00     1.00     1.00
  31-Mar-68      821     0.00     1.83     1.83
  01-Apr-68      822     0.00     0.67     0.67
  02-Apr-68      823     2.83     0.00     2.83
  03-Apr-68      824     1.71     0.00     1.71
  04-Apr-68      825     0.50     0.33     0.83
  05-Apr-68      826     0.92     0.00     0.92
  06-Apr-68      827     2.08     0.00     2.08
  07-Apr-68      828     1.67     0.00     1.67
  08-Apr-68      829     0.00     0.00     0.00
  09-Apr-68      830     0.00     0.00     0.00
  10-Apr-68      831     0.33     0.92     1.25
  11-Apr-68      832     0.75     0.00     0.75
  12-Apr-68      833     1.92     1.50     3.42
  13-Apr-68      834     0.92     0.00     0.92
  14-Apr-68      835     0.00     0.00     0.00
  15-Apr-68      836     2.00     0.92     2.92
  16-Apr-68      837     0.83     0.75     1.58
  17-Apr-68      838     0.00     1.04     1.04
  18-Apr-68      839     0.42     0.00     0.42
  19-Apr-68      840     2.25     0.00     2.25
  20-Apr-68      841     0.00     0.00     0.00
  21-Apr-68      842     0.00     0.42     0.42
  22-Apr-68      843     0.00     0.00     0.00
  23-Apr-68      844     0.42     0.00     0.42
  24-Apr-68      845     2.04     0.00     2.04
  25-Apr-68      846     2.42     0.75     3.17
  26-Apr-68      847     0.17     0.67     0.83
  27-Apr-68      848     0.33     6.17     6.50
  28-Apr-68      849     3.21     1.33     4.54
  29-Apr-68      850     1.21     0.00     1.21
  30-Apr-68      851     1.63     0.00     1.63
  01-May-68      852     2.00     0.00     2.00
  02-May-68      853     0.54     0.00     0.54
  03-May-68      854     4.88     0.00     4.88
  04-May-68      855     4.46     0.00     4.46
  05-May-68      856     5.42     0.00     5.42
  06-May-68      857     0.67     0.00     0.67
  07-May-68      858     0.50     0.00     0.50
  08-May-68      859     1.08     0.00     1.08
  09-May-68      860     2.96     0.00     2.96
  10-May-68      861     3.71     0.00     3.71
  11-May-68      862     1.13     0.00     1.13
  12-May-68      863     0.00     0.00     0.00
  13-May-68      864     0.58     0.00     0.58
  14-May-68      865     0.83     0.46     1.29
  15-May-68      866     1.00     2.33     3.33
  16-May-68      867     0.00     0.25     0.25
  17-May-68      868     0.79     0.17     0.96
  18-May-68      869     1.04     2.33     3.38
  19-May-68      870     0.67     2.42     3.08
  20-May-68      871     0.33     0.33     0.67
  21-May-68      872     0.33     0.00     0.33
  22-May-68      873     3.33     3.38     6.71
  23-May-68      874     1.79     0.92     2.71
  24-May-68      875     0.50     3.25     3.75
  25-May-68      876     4.04     0.00     4.04
  26-May-68      877     4.42     0.42     4.83
  27-May-68      878     1.58     0.17     1.75
  28-May-68      879     1.58     0.92     2.50
  29-May-68      880     0.83     0.33     1.17
  30-May-68      881     1.04     3.96     5.00
  31-May-68      882     1.88     4.29     6.17
  01-Jun-68      883     1.67     1.46     3.13
  02-Jun-68      884     0.75     2.58     3.33
  03-Jun-68      885     2.29     2.63     4.92
  04-Jun-68      886     0.17     7.92     8.08
  05-Jun-68      887     1.00     2.38     3.38
  06-Jun-68      888     0.00     8.21     8.21
  07-Jun-68      889     3.83     6.33    10.17
  08-Jun-68      890     0.00     2.88     2.88
  09-Jun-68      891     8.58    18.50    27.08
  10-Jun-68      892     0.63     1.92     2.54
  11-Jun-68      893     0.33     6.29     6.63
  12-Jun-68      894     0.00     1.25     1.25
  13-Jun-68      895     0.00     4.04     4.04
  14-Jun-68      896     0.00     3.29     3.29
  15-Jun-68      897     0.00     1.89     1.89
  16-Jun-68      898     3.83     0.00     3.83
  17-Jun-68      899     3.95     1.47     5.42
  18-Jun-68      900     1.38     0.00     1.38
  19-Jun-68      901     6.00     1.25     7.25
  20-Jun-68      902     5.92     0.00     5.92
  21-Jun-68      903     0.92     0.88     1.79
  22-Jun-68      904     0.00     0.00     0.00
  23-Jun-68      905     1.83     0.42     2.25
  24-Jun-68      906     1.92     0.08     2.00
  25-Jun-68      907     2.42     0.21     2.63
  26-Jun-68      908     1.58     6.04     7.63
  27-Jun-68      909     1.96     0.50     2.46
  28-Jun-68      910     1.21     0.95     2.16
  29-Jun-68      911     0.92     1.33     2.25
  30-Jun-68      912     2.25     2.54     4.79
  01-Jul-68      913     0.58     0.00     0.58
  02-Jul-68      914     0.75     0.29     1.04
  03-Jul-68      915     2.28     0.00     2.28
  04-Jul-68      916     2.30     0.00     2.30
  05-Jul-68      917     3.42     0.47     3.89
  06-Jul-68      918     5.25     0.00     5.25
  07-Jul-68      919     5.38     0.00     5.38
  08-Jul-68      920    13.54     0.00    13.54
  09-Jul-68      921     9.71     0.00     9.71
  10-Jul-68      922     4.71     0.33     5.04
  11-Jul-68      923     5.08     0.00     5.08
  12-Jul-68      924    14.17     0.00    14.17
  13-Jul-68      925     0.38     0.33     0.71
  14-Jul-68      926     2.46     0.00     2.46
  15-Jul-68      927     0.00     1.50     1.50
  16-Jul-68      928     1.75     0.17     1.92
  17-Jul-68      929     1.25     0.00     1.25
  18-Jul-68      930     3.25     0.00     3.25
  19-Jul-68      931     0.67     0.67     1.33
  20-Jul-68      932     5.50     0.00     5.50
  21-Jul-68      933     0.67     0.00     0.67
  22-Jul-68      934     1.29     0.00     1.29
  23-Jul-68      935     0.00     1.71     1.71
  24-Jul-68      936     0.00     0.38     0.38
  25-Jul-68      937     0.00     2.06     2.06
  26-Jul-68      938     0.50     1.96     2.46
  27-Jul-68      939     0.00     1.58     1.58
  28-Jul-68      940     2.50     1.63     4.13
  29-Jul-68      941     3.92     0.00     3.92
  30-Jul-68      942     4.42     0.00     4.42
  31-Jul-68      943     1.04     0.00     1.04
  01-Aug-68      944     0.33     0.00     0.33
  02-Aug-68      945     3.13     0.00     3.13
  03-Aug-68      946     4.72     0.56     5.28
  04-Aug-68      947     6.58     0.00     6.58
  05-Aug-68      948     3.63     0.00     3.63
  06-Aug-68      949     4.21     0.00     4.21
  07-Aug-68      950     1.17     0.00     1.17
  08-Aug-68      951    18.13     0.58    18.71
  09-Aug-68      952     1.96     0.00     1.96
  10-Aug-68      953     0.25     0.00     0.25
  11-Aug-68      954     1.54     1.38     2.92
  12-Aug-68      955     1.46     0.25     1.71
  13-Aug-68      956     2.88     0.46     3.33
  14-Aug-68      957     3.58     3.71     7.29
  15-Aug-68      958     0.00     2.71     2.71
  16-Aug-68      959     0.00     1.75     1.75
  17-Aug-68      960     0.08     2.21     2.29
  18-Aug-68      961     0.00     2.17     2.17
  19-Aug-68      962     0.00     0.83     0.83
  20-Aug-68      963     0.00     5.96     5.96
  21-Aug-68      964     2.46    10.33    12.79
  22-Aug-68      965     0.00     6.89     6.89
  23-Aug-68      966     1.58     3.96     5.54
  24-Aug-68      967     0.60     2.38     2.98
  25-Aug-68      968     0.00     2.63     2.63
  26-Aug-68      969     0.00     0.00     0.00
  27-Aug-68      970     0.00     0.54     0.54
  28-Aug-68      971     0.00     0.00     0.00
  29-Aug-68      972     3.38     0.29     3.67
  30-Aug-68      973     2.88     0.00     2.88
  31-Aug-68      974     0.50     0.46     0.96
  01-Sep-68      975     3.42     0.25     3.67
  02-Sep-68      976     1.33     2.21     3.54
  03-Sep-68      977     0.00     4.92     4.92
  04-Sep-68      978     4.96     8.50    13.46
  05-Sep-68      979     1.33     1.54     2.88
  06-Sep-68      980     5.00     0.67     5.67
  07-Sep-68      981     0.92     2.92     3.83
  08-Sep-68      982     0.00     7.08     7.08
  09-Sep-68      983     0.33     7.67     8.00
  10-Sep-68      984     0.00     2.79     2.79
  11-Sep-68      985     0.00     4.63     4.63
  12-Sep-68      986     1.00     0.00     1.00
  13-Sep-68      987     0.50     1.25     1.75
  14-Sep-68      988     0.92     1.75     2.67
  15-Sep-68      989     0.92     0.33     1.25
  16-Sep-68      990     0.00     0.00     0.00
  17-Sep-68      991     1.21     3.13     4.33
  18-Sep-68      992     0.50     1.92     2.42
  19-Sep-68      993     0.71     2.67     3.38
  20-Sep-68      994     1.42     0.00     1.42
  21-Sep-68      995     1.04     0.25     1.29
  22-Sep-68      996     6.71     0.00     6.71
  23-Sep-68      997     3.50     0.58     4.08
  24-Sep-68      998     0.25     0.25     0.50
  25-Sep-68      999     1.71     1.96     3.67
  26-Sep-68     1000     9.67     3.46    13.13
  27-Sep-68     1001     1.58     1.50     3.08
  28-Sep-68     1002    13.75     3.42    17.17
  29-Sep-68     1003    16.83     0.88    17.71
  30-Sep-68     1004     8.25     0.00     8.25
  01-Oct-68     1005     4.00     1.79     5.79
  02-Oct-68     1006     2.08     1.67     3.75
  03-Oct-68     1007     7.58    14.67    22.25
  04-Oct-68     1008    12.04     0.00    12.04
  05-Oct-68     1009     4.00     0.00     4.00
  06-Oct-68     1010     5.46     0.00     5.46
  07-Oct-68     1011     0.58     0.00     0.58
  08-Oct-68     1012     0.79     0.25     1.04
  09-Oct-68     1013     0.50     0.25     0.75
  10-Oct-68     1014     1.21     1.00     2.21
  11-Oct-68     1015     2.33     3.63     5.96
  12-Oct-68     1016     2.08     1.58     3.67
  13-Oct-68     1017     0.75     0.00     0.75
  14-Oct-68     1018     0.00     0.00     0.00
  15-Oct-68     1019     0.00     1.63     1.63
  16-Oct-68     1020     4.33     0.00     4.33
  17-Oct-68     1021     5.21     0.17     5.38
  18-Oct-68     1022     8.33     0.00     8.33
  19-Oct-68     1023    10.42     0.17    10.58
  20-Oct-68     1024    13.79     0.00    13.79
  21-Oct-68     1025    21.67     0.58    22.25
  22-Oct-68     1026     4.25     3.21     7.46
  23-Oct-68     1027     3.21    13.67    16.88
  24-Oct-68     1028     0.63     5.83     6.46
  25-Oct-68     1029     2.25     3.75     6.00
  26-Oct-68     1030     0.25    17.79    18.04
  27-Oct-68     1031     0.50    12.33    12.83
  28-Oct-68     1032     0.25     2.58     2.83
  29-Oct-68     1033     2.00    17.08    19.08
  30-Oct-68     1034     0.00    33.58    33.58
  31-Oct-68     1035     0.00    15.88    15.88
  01-Nov-68     1036     0.67    11.54    12.21
  02-Nov-68     1037     5.42    11.33    16.75
  03-Nov-68     1038     0.71     6.00     6.71
  04-Nov-68     1039     0.67     6.96     7.63
  05-Nov-68     1040     1.00     0.58     1.58
  06-Nov-68     1041     1.17     0.21     1.38
  07-Nov-68     1042     0.54     2.13     2.67
  08-Nov-68     1043     0.42     2.46     2.88
  09-Nov-68     1044     2.42     0.00     2.42
  10-Nov-68     1045     4.50     1.92     6.42
  11-Nov-68     1046     2.21     1.63     3.83
  12-Nov-68     1047     6.75     0.00     6.75
  13-Nov-68     1048     3.74     0.50     4.24
  14-Nov-68     1049     5.02     0.00     5.02
  15-Nov-68     1050     4.38     0.34     4.72
  16-Nov-68     1051     3.54     0.00     3.54
  17-Nov-68     1052     1.79     0.17     1.96
  18-Nov-68     1053     5.13     0.00     5.13
  19-Nov-68     1054     0.17     0.79     0.96
  20-Nov-68     1055     0.00     5.50     5.50
  21-Nov-68     1056     1.17     0.00     1.17
  22-Nov-68     1057     0.00     3.50     3.50
  23-Nov-68     1058     0.00     1.42     1.42
  24-Nov-68     1059     0.00     7.54     7.54
  25-Nov-68     1060     0.00     2.00     2.00
  26-Nov-68     1061     0.00     1.08     1.08
  27-Nov-68     1062     0.00     1.27     1.27
  28-Nov-68     1063     0.00     0.46     0.46
  29-Nov-68     1064     0.08     0.00     0.08
  30-Nov-68     1065     4.84     0.33     5.16
  01-Dec-68     1066     0.83     2.83     3.67
  02-Dec-68     1067    17.32     0.77    18.09
  03-Dec-68     1068     0.00     0.00     0.00
  04-Dec-68     1069     5.60     0.00     5.60
  05-Dec-68     1070     0.75     0.00     0.75
  06-Dec-68     1071     0.00     0.00     0.00
  07-Dec-68     1072     0.88     0.00     0.88
  08-Dec-68     1073     1.96     0.00     1.96
  09-Dec-68     1074     3.33     1.13     4.46
  10-Dec-68     1075     0.92     1.68     2.61
  11-Dec-68     1076     0.71     4.25     4.96
  12-Dec-68     1077     0.96     0.50     1.46
  13-Dec-68     1078     0.13     0.00     0.13
  14-Dec-68     1079     2.58     0.00     2.58
  15-Dec-68     1080     0.83     0.08     0.92
  16-Dec-68     1081     1.20     1.28     2.48
  17-Dec-68     1082     7.16     2.18     9.34
  18-Dec-68     1083     5.97     0.00     5.97
  19-Dec-68     1084     1.21     0.83     2.04
  20-Dec-68     1085     0.60     0.52     1.12
  21-Dec-68     1086    10.33     2.21    12.54
  22-Dec-68     1087     1.83     4.00     5.83
  23-Dec-68     1088     2.00     2.92     4.92
  24-Dec-68     1089     6.38     6.50    12.88
  25-Dec-68     1090     0.92     7.88     8.79
  26-Dec-68     1091     1.76     4.03     5.80
  27-Dec-68     1092     7.42     4.63    12.04
  28-Dec-68     1093     4.00     1.33     5.33
  29-Dec-68     1094     7.92     1.00     8.92
  30-Dec-68     1095     6.25     0.42     6.67
  31-Dec-68     1096     2.29     0.00     2.29