
            DAILY SOLAR FLARE INDEX
           01 JAN 1982 - 31 DEC 1982
________________________________________________

  TIME (DAY)            NORTH    SOUTH    TOTAL
================================================
  01-Jan-82     5845    12.74     0.00    12.74
  02-Jan-82     5846     8.21     2.97    11.18
  03-Jan-82     5847     5.79     5.90    11.70
  04-Jan-82     5848    12.99     6.36    19.35
  05-Jan-82     5849     3.71     5.96     9.67
  06-Jan-82     5850    16.95     1.70    18.65
  07-Jan-82     5851     5.82     3.31     9.13
  08-Jan-82     5852    47.58     1.36    48.94
  09-Jan-82     5853    12.06    14.64    26.70
  10-Jan-82     5854     4.73     3.80     8.52
  11-Jan-82     5855     2.76     9.45    12.21
  12-Jan-82     5856     0.00     2.90     2.90
  13-Jan-82     5857     0.00     6.02     6.02
  14-Jan-82     5858     0.65     3.25     3.90
  15-Jan-82     5859     4.29     0.69     4.98
  16-Jan-82     5860     7.06     2.89     9.96
  17-Jan-82     5861     1.35    13.19    14.54
  18-Jan-82     5862     1.14    21.53    22.67
  19-Jan-82     5863     3.32    10.19    13.51
  20-Jan-82     5864     2.07     7.01     9.08
  21-Jan-82     5865     2.36    16.33    18.69
  22-Jan-82     5866     7.34     5.80    13.14
  23-Jan-82     5867     2.64     0.23     2.87
  24-Jan-82     5868    10.83     0.38    11.21
  25-Jan-82     5869    16.90     0.93    17.82
  26-Jan-82     5870     5.31     8.75    14.06
  27-Jan-82     5871     0.67    16.46    17.13
  28-Jan-82     5872    12.42    16.46    28.88
  29-Jan-82     5873     0.85    19.91    20.76
  30-Jan-82     5874    19.16    40.00    59.16
  31-Jan-82     5875    22.19    10.19    32.38
  01-Feb-82     5876    14.90    50.42    65.31
  02-Feb-82     5877     8.21    39.71    47.92
  03-Feb-82     5878     4.26    50.04    54.30
  04-Feb-82     5879     1.44    21.85    23.29
  05-Feb-82     5880     4.33    20.33    24.67
  06-Feb-82     5881     1.04    29.17    30.22
  07-Feb-82     5882     0.55    21.49    22.04
  08-Feb-82     5883     2.04    19.14    21.19
  09-Feb-82     5884     1.02    14.46    15.48
  10-Feb-82     5885     9.33    33.13    42.46
  11-Feb-82     5886     0.48    19.78    20.26
  12-Feb-82     5887     0.33     8.57     8.90
  13-Feb-82     5888     5.06     5.77    10.84
  14-Feb-82     5889     4.60    17.74    22.34
  15-Feb-82     5890     7.66     5.91    13.57
  16-Feb-82     5891    10.90     1.16    12.06
  17-Feb-82     5892    12.95     5.85    18.79
  18-Feb-82     5893    12.09     3.28    15.36
  19-Feb-82     5894    13.83     8.42    22.25
  20-Feb-82     5895     3.83    16.10    19.94
  21-Feb-82     5896     2.87     2.55     5.42
  22-Feb-82     5897     2.18     0.00     2.18
  23-Feb-82     5898     4.08     0.72     4.80
  24-Feb-82     5899     3.93     1.74     5.67
  25-Feb-82     5900    14.44     0.15    14.58
  26-Feb-82     5901     9.33     1.56    10.90
  27-Feb-82     5902     5.41     8.80    14.21
  28-Feb-82     5903    17.66     4.77    22.43
  01-Mar-82     5904     6.62     3.10     9.72
  02-Mar-82     5905     3.34     3.81     7.16
  03-Mar-82     5906     4.79     9.79    14.58
  04-Mar-82     5907     3.44     5.24     8.68
  05-Mar-82     5908     2.03    25.02    27.05
  06-Mar-82     5909     4.89    13.48    18.38
  07-Mar-82     5910    11.21     1.68    12.90
  08-Mar-82     5911     2.12     6.09     8.21
  09-Mar-82     5912     2.13     3.56     5.69
  10-Mar-82     5913     0.31     8.40     8.71
  11-Mar-82     5914     2.64     2.15     4.79
  12-Mar-82     5915     6.15     3.25     9.40
  13-Mar-82     5916     6.50     0.33     6.83
  14-Mar-82     5917    27.19     2.58    29.77
  15-Mar-82     5918    16.30     1.37    17.67
  16-Mar-82     5919    20.06     9.38    29.44
  17-Mar-82     5920     5.80     7.29    13.09
  18-Mar-82     5921    11.79    13.62    25.40
  19-Mar-82     5922     3.81    36.85    40.66
  20-Mar-82     5923     6.84     8.25    15.08
  21-Mar-82     5924     2.77    10.04    12.81
  22-Mar-82     5925     6.95     8.94    15.89
  23-Mar-82     5926     5.63     4.58    10.21
  24-Mar-82     5927    10.99     1.05    12.04
  25-Mar-82     5928     7.82     3.42    11.24
  26-Mar-82     5929     9.13     4.26    13.40
  27-Mar-82     5930    23.75     7.56    31.31
  28-Mar-82     5931    11.70     9.76    21.46
  29-Mar-82     5932    16.27    14.47    30.74
  30-Mar-82     5933    43.28     5.10    48.37
  31-Mar-82     5934    22.37    11.83    34.20
  01-Apr-82     5935     8.02     2.34    10.37
  02-Apr-82     5936     6.77     2.09     8.87
  03-Apr-82     5937     4.00     5.54     9.54
  04-Apr-82     5938     6.28    13.28    19.56
  05-Apr-82     5939     2.08     1.15     3.23
  06-Apr-82     5940     4.00     2.34     6.34
  07-Apr-82     5941     1.42     2.88     4.30
  08-Apr-82     5942     0.79     5.27     6.07
  09-Apr-82     5943    10.72     8.87    19.58
  10-Apr-82     5944    16.92    10.65    27.56
  11-Apr-82     5945    15.77     5.52    21.29
  12-Apr-82     5946     5.94     6.06    12.00
  13-Apr-82     5947     4.10     5.25     9.35
  14-Apr-82     5948     5.28    22.51    27.79
  15-Apr-82     5949     2.06     7.25     9.31
  16-Apr-82     5950     0.79     3.33     4.13
  17-Apr-82     5951     0.19     3.94     4.13
  18-Apr-82     5952     1.86     6.73     8.59
  19-Apr-82     5953     0.00     6.20     6.20
  20-Apr-82     5954     1.95     0.14     2.08
  21-Apr-82     5955     1.00     0.00     1.00
  22-Apr-82     5956    22.88     0.00    22.88
  23-Apr-82     5957     7.06     0.42     7.48
  24-Apr-82     5958     9.41     0.26     9.67
  25-Apr-82     5959     8.48     1.69    10.17
  26-Apr-82     5960     7.69     0.98     8.67
  27-Apr-82     5961     4.11     2.61     6.72
  28-Apr-82     5962     3.92     5.77     9.69
  29-Apr-82     5963    11.78     1.17    12.95
  30-Apr-82     5964     0.96     5.05     6.01
  01-May-82     5965     1.13     2.47     3.60
  02-May-82     5966     0.00     6.49     6.49
  03-May-82     5967     0.08    12.98    13.06
  04-May-82     5968     0.25    10.57    10.82
  05-May-82     5969     0.37     4.95     5.32
  06-May-82     5970     0.00     5.38     5.38
  07-May-82     5971     0.27     4.98     5.25
  08-May-82     5972     0.00     1.69     1.69
  09-May-82     5973     0.24     3.34     3.58
  10-May-82     5974     1.29     1.66     2.95
  11-May-82     5975     0.85     2.79     3.65
  12-May-82     5976     0.65     9.04     9.69
  13-May-82     5977     0.17     5.82     6.00
  14-May-82     5978     0.81     0.46     1.27
  15-May-82     5979     1.52     1.56     3.08
  16-May-82     5980     0.83     0.98     1.81
  17-May-82     5981     1.63     6.79     8.42
  18-May-82     5982    12.63     4.40    17.02
  19-May-82     5983    13.07     1.93    15.00
  20-May-82     5984    19.08     0.00    19.08
  21-May-82     5985    14.06     2.73    16.79
  22-May-82     5986    12.85     1.05    13.89
  23-May-82     5987    12.23     0.00    12.23
  24-May-82     5988     6.42     2.65     9.06
  25-May-82     5989     8.60    14.48    23.08
  26-May-82     5990     8.48    24.83    33.31
  27-May-82     5991     5.81    24.88    30.69
  28-May-82     5992     7.63    15.71    23.33
  29-May-82     5993     5.43    11.83    17.26
  30-May-82     5994     0.53     8.09     8.62
  31-May-82     5995     6.85     8.15    15.00
  01-Jun-82     5996     2.17     5.10     7.27
  02-Jun-82     5997     6.13     9.54    15.67
  03-Jun-82     5998     3.79    23.25    27.04
  04-Jun-82     5999     4.56    17.79    22.35
  05-Jun-82     6000     0.00    40.04    40.04
  06-Jun-82     6001     0.15    25.25    25.40
  07-Jun-82     6002     0.00    17.71    17.71
  08-Jun-82     6003     0.79    24.52    25.31
  09-Jun-82     6004     0.81    16.02    16.83
  10-Jun-82     6005     1.86    20.11    21.96
  11-Jun-82     6006     0.00    12.40    12.40
  12-Jun-82     6007    30.96     8.50    39.46
  13-Jun-82     6008    24.23     9.36    33.58
  14-Jun-82     6009    26.56    17.23    43.79
  15-Jun-82     6010    54.27    13.68    67.95
  16-Jun-82     6011    29.02     7.92    36.94
  17-Jun-82     6012    15.27     5.81    21.08
  18-Jun-82     6013    16.43     5.95    22.37
  19-Jun-82     6014    21.02     0.19    21.21
  20-Jun-82     6015    25.63     0.00    25.63
  21-Jun-82     6016    35.13     0.83    35.96
  22-Jun-82     6017    28.53     0.72    29.26
  23-Jun-82     6018    39.03     0.00    39.03
  24-Jun-82     6019    13.88     0.27    14.15
  25-Jun-82     6020    19.89     0.58    20.47
  26-Jun-82     6021    29.06     0.00    29.06
  27-Jun-82     6022    12.90     0.21    13.10
  28-Jun-82     6023     2.42     0.85     3.27
  29-Jun-82     6024     0.19     0.54     0.73
  30-Jun-82     6025     1.27     0.36     1.62
  01-Jul-82     6026     0.00     0.00     0.00
  02-Jul-82     6027     0.63     0.52     1.15
  03-Jul-82     6028     0.00     1.63     1.63
  04-Jul-82     6029     0.16     3.39     3.55
  05-Jul-82     6030     0.61     0.42     1.04
  06-Jul-82     6031     0.46     2.67     3.13
  07-Jul-82     6032     0.52     5.08     5.60
  08-Jul-82     6033    11.04     0.90    11.94
  09-Jul-82     6034    52.35     2.35    54.71
  10-Jul-82     6035    34.58    16.69    51.27
  11-Jul-82     6036    36.44     4.41    40.86
  12-Jul-82     6037    76.65     8.44    85.08
  13-Jul-82     6038    18.48    17.02    35.50
  14-Jul-82     6039    48.21     8.25    56.46
  15-Jul-82     6040    51.38     4.08    55.46
  16-Jul-82     6041    33.46     7.76    41.22
  17-Jul-82     6042    39.38     4.63    44.00
  18-Jul-82     6043     1.50     0.06     1.57
  19-Jul-82     6044     3.40     0.00     3.40
  20-Jul-82     6045    19.21     1.25    20.46
  21-Jul-82     6046     1.26     0.00     1.26
  22-Jul-82     6047     1.86     0.00     1.86
  23-Jul-82     6048    50.70     0.33    51.03
  24-Jul-82     6049    27.36     0.62    27.98
  25-Jul-82     6050    11.69     1.10    12.79
  26-Jul-82     6051     8.76     0.09     8.85
  27-Jul-82     6052     1.24     0.50     1.73
  28-Jul-82     6053     9.05     2.08    11.13
  29-Jul-82     6054     3.08     1.54     4.62
  30-Jul-82     6055     0.00     0.48     0.48
  31-Jul-82     6056     1.86     2.86     4.72
  01-Aug-82     6057    10.13     0.45    10.58
  02-Aug-82     6058     2.89    12.91    15.81
  03-Aug-82     6059     2.83     1.83     4.66
  04-Aug-82     6060    13.27     8.77    22.04
  05-Aug-82     6061     5.18     1.48     6.67
  06-Aug-82     6062    12.47     9.58    22.05
  07-Aug-82     6063    18.89     6.99    25.88
  08-Aug-82     6064    21.65     9.94    31.58
  09-Aug-82     6065    11.22     4.15    15.37
  10-Aug-82     6066    23.54     6.42    29.96
  11-Aug-82     6067    15.17     3.35    18.52
  12-Aug-82     6068    11.02     6.31    17.33
  13-Aug-82     6069    12.92     9.50    22.42
  14-Aug-82     6070    12.81    11.40    24.21
  15-Aug-82     6071     7.54     9.71    17.25
  16-Aug-82     6072     3.74    11.94    15.68
  17-Aug-82     6073     5.77     7.00    12.77
  18-Aug-82     6074     2.58    19.38    21.96
  19-Aug-82     6075     2.00    14.29    16.29
  20-Aug-82     6076     5.60     7.02    12.63
  21-Aug-82     6077     2.04     8.10    10.14
  22-Aug-82     6078     5.98     0.15     6.13
  23-Aug-82     6079     7.27     0.81     8.08
  24-Aug-82     6080     2.22     1.45     3.68
  25-Aug-82     6081    16.27     0.32    16.59
  26-Aug-82     6082    13.64     3.16    16.80
  27-Aug-82     6083    23.02     4.19    27.21
  28-Aug-82     6084    12.48     3.22    15.70
  29-Aug-82     6085     9.52     1.77    11.29
  30-Aug-82     6086     3.96     2.21     6.17
  31-Aug-82     6087    11.92     1.38    13.29
  01-Sep-82     6088    23.71     7.96    31.67
  02-Sep-82     6089    11.21     3.79    15.00
  03-Sep-82     6090    41.19     2.67    43.85
  04-Sep-82     6091   109.63     2.69   112.31
  05-Sep-82     6092     5.31     5.40    10.71
  06-Sep-82     6093     5.06     1.15     6.21
  07-Sep-82     6094    17.46    10.07    27.52
  08-Sep-82     6095     5.79     5.69    11.48
  09-Sep-82     6096     3.24    10.50    13.74
  10-Sep-82     6097     1.57     9.74    11.32
  11-Sep-82     6098     1.56     9.22    10.78
  12-Sep-82     6099     1.00    19.96    20.95
  13-Sep-82     6100     0.74     9.17     9.91
  14-Sep-82     6101     3.98     2.10     6.08
  15-Sep-82     6102    11.53     3.95    15.48
  16-Sep-82     6103     1.60     2.85     4.45
  17-Sep-82     6104     8.09     3.78    11.87
  18-Sep-82     6105     6.25     1.56     7.81
  19-Sep-82     6106     1.75    28.21    29.96
  20-Sep-82     6107     1.49     1.40     2.89
  21-Sep-82     6108     4.60     1.26     5.86
  22-Sep-82     6109     5.57     8.36    13.93
  23-Sep-82     6110     2.36     0.13     2.49
  24-Sep-82     6111    11.50     3.74    15.24
  25-Sep-82     6112     6.91     0.45     7.35
  26-Sep-82     6113    13.33     1.56    14.89
  27-Sep-82     6114     6.47     3.78    10.25
  28-Sep-82     6115     9.06     5.87    14.93
  29-Sep-82     6116     8.43    11.44    19.87
  30-Sep-82     6117    19.16     2.20    21.36
  01-Oct-82     6118     4.45     3.93     8.38
  02-Oct-82     6119     6.63     6.06    12.69
  03-Oct-82     6120     7.58     5.43    13.01
  04-Oct-82     6121     4.30     1.07     5.36
  05-Oct-82     6122     6.42     0.00     6.42
  06-Oct-82     6123     4.67     0.75     5.42
  07-Oct-82     6124     3.79     1.69     5.49
  08-Oct-82     6125     1.41     0.40     1.81
  09-Oct-82     6126     1.91     0.38     2.29
  10-Oct-82     6127     3.29     0.33     3.63
  11-Oct-82     6128     5.71     0.42     6.13
  12-Oct-82     6129     6.80     0.10     6.89
  13-Oct-82     6130     3.10     0.58     3.69
  14-Oct-82     6131     5.00     2.19     7.19
  15-Oct-82     6132     1.21     6.13     7.33
  16-Oct-82     6133     0.54     3.44     3.98
  17-Oct-82     6134     0.38     0.50     0.88
  18-Oct-82     6135     0.00     4.19     4.19
  19-Oct-82     6136     0.00     4.24     4.24
  20-Oct-82     6137     1.05     1.89     2.94
  21-Oct-82     6138     4.27    15.08    19.35
  22-Oct-82     6139     5.60    21.29    26.90
  23-Oct-82     6140     4.98     9.35    14.33
  24-Oct-82     6141    19.88     4.56    24.44
  25-Oct-82     6142    22.73    22.38    45.10
  26-Oct-82     6143    15.44     7.48    22.92
  27-Oct-82     6144    12.86    14.58    27.44
  28-Oct-82     6145     5.81     9.37    15.18
  29-Oct-82     6146    18.33     4.06    22.38
  30-Oct-82     6147     7.72     1.37     9.09
  31-Oct-82     6148     1.73     1.24     2.97
  01-Nov-82     6149     6.04     5.96    12.00
  02-Nov-82     6150     6.27     5.02    11.29
  03-Nov-82     6151     4.79     0.58     5.38
  04-Nov-82     6152     3.70    12.00    15.70
  05-Nov-82     6153     0.35     0.00     0.35
  06-Nov-82     6154     3.16     0.00     3.16
  07-Nov-82     6155     1.07     0.27     1.34
  08-Nov-82     6156     2.04     4.45     6.49
  09-Nov-82     6157     0.00     4.06     4.06
  10-Nov-82     6158     1.07    16.41    17.48
  11-Nov-82     6159     1.18    11.13    12.31
  12-Nov-82     6160     4.75    41.60    46.35
  13-Nov-82     6161     0.21    23.40    23.60
  14-Nov-82     6162     1.20     4.50     5.69
  15-Nov-82     6163     4.87    31.31    36.19
  16-Nov-82     6164     1.71    17.55    19.25
  17-Nov-82     6165     0.00    15.55    15.55
  18-Nov-82     6166     0.00    14.43    14.43
  19-Nov-82     6167     2.85    13.38    16.23
  20-Nov-82     6168     2.13    26.44    28.56
  21-Nov-82     6169     2.44    29.50    31.94
  22-Nov-82     6170     5.10    18.42    23.52
  23-Nov-82     6171     1.92     9.95    11.87
  24-Nov-82     6172     5.60     5.86    11.47
  25-Nov-82     6173     1.68     4.78     6.46
  26-Nov-82     6174     2.17    11.04    13.22
  27-Nov-82     6175     0.00     3.47     3.47
  28-Nov-82     6176     1.54    16.18    17.71
  29-Nov-82     6177     0.65     9.35    10.00
  30-Nov-82     6178     1.87    13.07    14.94
  01-Dec-82     6179     1.57     1.82     3.38
  02-Dec-82     6180    48.12     6.07    54.19
  03-Dec-82     6181    19.19     4.93    24.12
  04-Dec-82     6182    11.42    13.67    25.08
  05-Dec-82     6183    14.73     3.98    18.71
  06-Dec-82     6184    18.60    20.17    38.77
  07-Dec-82     6185    11.68    23.51    35.19
  08-Dec-82     6186    58.09     6.06    64.16
  09-Dec-82     6187    32.05     2.88    34.93
  10-Dec-82     6188    67.49     5.18    72.67
  11-Dec-82     6189    14.01    18.20    32.21
  12-Dec-82     6190     8.90     2.95    11.86
  13-Dec-82     6191     0.41     5.35     5.76
  14-Dec-82     6192     0.31     0.00     0.31
  15-Dec-82     6193     4.98    23.69    28.67
  16-Dec-82     6194     6.90    14.75    21.65
  17-Dec-82     6195     2.68    27.89    30.57
  18-Dec-82     6196     4.20    31.18    35.38
  19-Dec-82     6197     3.69    43.78    47.47
  20-Dec-82     6198     3.49    13.34    16.83
  21-Dec-82     6199    14.47    11.59    26.06
  22-Dec-82     6200     1.59     6.54     8.13
  23-Dec-82     6201     1.31    16.44    17.75
  24-Dec-82     6202    14.80     9.52    24.32
  25-Dec-82     6203     0.00    10.33    10.33
  26-Dec-82     6204     0.28     5.51     5.78
  27-Dec-82     6205     0.19    25.06    25.25
  28-Dec-82     6206     2.64    19.82    22.46
  29-Dec-82     6207     8.51     7.63    16.15
  30-Dec-82     6208     2.89     6.30     9.19
  31-Dec-82     6209     2.87    13.96    16.83