
            DAILY SOLAR FLARE INDEX
           01 JAN 1979 - 31 DEC 1979
________________________________________________

  TIME (DAY)            NORTH    SOUTH    TOTAL
================================================
  01-Jan-79     4749     3.76     7.52    11.28
  02-Jan-79     4750     4.56     8.78    13.34
  03-Jan-79     4751     4.33     9.04    13.38
  04-Jan-79     4752     3.27     5.72     9.00
  05-Jan-79     4753     2.45    11.63    14.08
  06-Jan-79     4754     2.79     4.20     6.99
  07-Jan-79     4755    12.72     4.28    17.00
  08-Jan-79     4756    18.56     5.76    24.31
  09-Jan-79     4757     7.12     2.99    10.11
  10-Jan-79     4758     6.42     5.35    11.77
  11-Jan-79     4759     8.81     8.67    17.48
  12-Jan-79     4760     7.48     7.02    14.50
  13-Jan-79     4761    13.15     4.39    17.54
  14-Jan-79     4762     8.48     7.15    15.63
  15-Jan-79     4763    11.31    18.36    29.67
  16-Jan-79     4764    20.19    11.16    31.35
  17-Jan-79     4765     8.72     2.67    11.39
  18-Jan-79     4766     4.91     8.84    13.75
  19-Jan-79     4767     7.52     9.75    17.27
  20-Jan-79     4768     5.08     0.95     6.03
  21-Jan-79     4769    13.05     2.77    15.82
  22-Jan-79     4770    12.14    16.00    28.14
  23-Jan-79     4771     4.33     8.05    12.37
  24-Jan-79     4772     6.76    15.80    22.57
  25-Jan-79     4773     0.41    23.77    24.18
  26-Jan-79     4774     2.38     8.94    11.31
  27-Jan-79     4775     9.04     3.91    12.96
  28-Jan-79     4776     9.96     4.56    14.51
  29-Jan-79     4777     8.25     7.44    15.69
  30-Jan-79     4778     2.10     5.64     7.75
  31-Jan-79     4779     2.57     3.12     5.70
  01-Feb-79     4780     3.64    15.43    19.07
  02-Feb-79     4781    11.52     6.73    18.25
  03-Feb-79     4782     7.25     3.89    11.14
  04-Feb-79     4783     4.35     2.96     7.31
  05-Feb-79     4784     3.65    12.59    16.24
  06-Feb-79     4785     8.23     6.79    15.02
  07-Feb-79     4786     5.00     5.49    10.49
  08-Feb-79     4787    23.44    10.98    34.42
  09-Feb-79     4788    13.61     5.02    18.63
  10-Feb-79     4789    11.68     3.17    14.85
  11-Feb-79     4790    13.51     5.63    19.14
  12-Feb-79     4791    13.23    11.03    24.26
  13-Feb-79     4792    10.56     8.74    19.30
  14-Feb-79     4793    13.59     0.32    13.91
  15-Feb-79     4794     7.21     1.32     8.53
  16-Feb-79     4795    25.56     5.31    30.87
  17-Feb-79     4796    26.17     2.63    28.80
  18-Feb-79     4797    28.90     1.31    30.21
  19-Feb-79     4798    27.11     0.70    27.81
  20-Feb-79     4799    35.38     0.00    35.38
  21-Feb-79     4800    13.79     1.76    15.55
  22-Feb-79     4801    25.07     0.29    25.35
  23-Feb-79     4802    19.21     0.59    19.80
  24-Feb-79     4803    10.10     2.10    12.21
  25-Feb-79     4804     2.35     7.98    10.33
  26-Feb-79     4805     3.12     9.83    12.95
  27-Feb-79     4806     3.71     3.42     7.13
  28-Feb-79     4807     6.14     8.76    14.89
  01-Mar-79     4808     1.50    23.38    24.87
  02-Mar-79     4809     1.52    12.58    14.10
  03-Mar-79     4810     0.83    11.46    12.28
  04-Mar-79     4811     2.41     6.79     9.21
  05-Mar-79     4812    14.85    10.87    25.72
  06-Mar-79     4813     4.83    10.10    14.94
  07-Mar-79     4814     5.71    12.58    18.29
  08-Mar-79     4815    12.18    11.00    23.18
  09-Mar-79     4816     7.52     2.80    10.33
  10-Mar-79     4817     3.28     5.27     8.55
  11-Mar-79     4818     9.23     8.89    18.12
  12-Mar-79     4819     9.98     5.56    15.54
  13-Mar-79     4820     5.77     2.85     8.63
  14-Mar-79     4821     4.30     2.60     6.90
  15-Mar-79     4822    11.01     3.57    14.58
  16-Mar-79     4823    17.25     2.29    19.54
  17-Mar-79     4824     1.43     1.18     2.61
  18-Mar-79     4825    11.03     9.32    20.34
  19-Mar-79     4826    10.02     4.81    14.83
  20-Mar-79     4827     9.62    10.17    19.79
  21-Mar-79     4828     9.60     0.43    10.03
  22-Mar-79     4829    14.98     1.88    16.85
  23-Mar-79     4830    13.29     1.29    14.59
  24-Mar-79     4831     3.80     2.33     6.13
  25-Mar-79     4832    10.53     2.45    12.98
  26-Mar-79     4833    21.94    10.32    32.27
  27-Mar-79     4834     3.35     4.26     7.61
  28-Mar-79     4835     1.46     1.94     3.40
  29-Mar-79     4836     2.82    10.46    13.28
  30-Mar-79     4837     6.70    10.13    16.83
  31-Mar-79     4838     3.52    25.07    28.59
  01-Apr-79     4839     0.80    16.69    17.49
  02-Apr-79     4840     1.38    12.71    14.09
  03-Apr-79     4841     0.48    21.58    22.06
  04-Apr-79     4842     1.24     5.36     6.61
  05-Apr-79     4843     0.74     5.02     5.76
  06-Apr-79     4844     4.77    10.57    15.34
  07-Apr-79     4845     1.46     1.89     3.35
  08-Apr-79     4846     2.34    11.62    13.96
  09-Apr-79     4847    11.19     3.38    14.57
  10-Apr-79     4848     5.08     3.71     8.79
  11-Apr-79     4849    13.69     5.28    18.96
  12-Apr-79     4850     7.31     5.37    12.69
  13-Apr-79     4851    15.71     3.49    19.20
  14-Apr-79     4852    18.98     5.04    24.02
  15-Apr-79     4853    15.34     2.26    17.60
  16-Apr-79     4854    10.89     2.95    13.84
  17-Apr-79     4855    11.66     0.00    11.66
  18-Apr-79     4856     7.81     1.15     8.96
  19-Apr-79     4857    10.38     0.73    11.10
  20-Apr-79     4858     9.73     0.52    10.25
  21-Apr-79     4859     4.69     1.56     6.26
  22-Apr-79     4860     2.94     1.88     4.82
  23-Apr-79     4861     1.07     3.38     4.45
  24-Apr-79     4862     9.48     2.50    11.98
  25-Apr-79     4863    17.86     6.05    23.91
  26-Apr-79     4864    11.74     7.66    19.40
  27-Apr-79     4865    20.40     5.05    25.45
  28-Apr-79     4866     8.36     2.71    11.08
  29-Apr-79     4867    14.43     2.49    16.92
  30-Apr-79     4868    11.38     2.36    13.74
  01-May-79     4869    18.07     9.10    27.17
  02-May-79     4870    19.04     3.83    22.87
  03-May-79     4871    13.56     2.52    16.08
  04-May-79     4872    10.90     0.56    11.46
  05-May-79     4873     4.06     0.08     4.14
  06-May-79     4874     9.52     0.48    10.00
  07-May-79     4875     6.45     2.16     8.61
  08-May-79     4876     5.79     6.13    11.92
  09-May-79     4877    14.29     4.94    19.23
  10-May-79     4878    11.34     0.79    12.13
  11-May-79     4879    15.25     2.48    17.73
  12-May-79     4880    14.38     4.46    18.83
  13-May-79     4881     8.07     0.69     8.76
  14-May-79     4882    12.48     5.31    17.79
  15-May-79     4883    13.56     7.19    20.75
  16-May-79     4884    11.27     3.85    15.13
  17-May-79     4885    10.60    10.31    20.92
  18-May-79     4886     8.10     9.13    17.23
  19-May-79     4887     4.14     2.66     6.80
  20-May-79     4888     6.67     8.94    15.60
  21-May-79     4889     2.04    12.60    14.65
  22-May-79     4890     9.58    14.67    24.25
  23-May-79     4891     6.50     8.25    14.75
  24-May-79     4892     7.96     8.29    16.25
  25-May-79     4893     7.53     3.52    11.05
  26-May-79     4894     9.24     5.78    15.02
  27-May-79     4895     6.49     1.52     8.01
  28-May-79     4896    11.81     3.08    14.90
  29-May-79     4897     9.71     2.21    11.92
  30-May-79     4898     6.39     0.71     7.10
  31-May-79     4899     5.29     1.06     6.35
  01-Jun-79     4900    12.02     4.79    16.81
  02-Jun-79     4901    17.46     8.56    26.02
  03-Jun-79     4902    24.48    10.27    34.75
  04-Jun-79     4903    26.52     5.21    31.73
  05-Jun-79     4904    26.10     8.04    34.15
  06-Jun-79     4905    10.52     7.65    18.17
  07-Jun-79     4906    12.66     7.87    20.53
  08-Jun-79     4907    16.62     7.07    23.70
  09-Jun-79     4908    15.62     6.66    22.28
  10-Jun-79     4909    38.49     2.72    41.21
  11-Jun-79     4910    13.54     7.98    21.52
  12-Jun-79     4911     4.45     5.57    10.02
  13-Jun-79     4912    15.71     3.21    18.92
  14-Jun-79     4913     4.29     4.98     9.27
  15-Jun-79     4914    12.65     1.79    14.44
  16-Jun-79     4915    12.79     3.52    16.31
  17-Jun-79     4916     8.98     2.21    11.19
  18-Jun-79     4917     3.56     1.90     5.46
  19-Jun-79     4918     1.31     3.42     4.73
  20-Jun-79     4919     1.73     1.63     3.35
  21-Jun-79     4920     1.06     3.34     4.40
  22-Jun-79     4921     5.82     3.72     9.54
  23-Jun-79     4922     1.92     7.79     9.71
  24-Jun-79     4923     6.35     2.33     8.69
  25-Jun-79     4924    14.14     5.25    19.39
  26-Jun-79     4925     5.60     1.71     7.31
  27-Jun-79     4926     4.61     2.89     7.50
  28-Jun-79     4927     5.13     2.20     7.33
  29-Jun-79     4928     5.34     3.01     8.35
  30-Jun-79     4929     6.46     5.58    12.04
  01-Jul-79     4930    14.05    16.45    30.51
  02-Jul-79     4931     7.94     4.88    12.83
  03-Jul-79     4932    18.15     4.17    22.31
  04-Jul-79     4933    33.72     5.58    39.31
  05-Jul-79     4934     4.40     4.81     9.21
  06-Jul-79     4935     3.77     2.31     6.08
  07-Jul-79     4936     2.73     5.06     7.79
  08-Jul-79     4937    13.20     8.87    22.07
  09-Jul-79     4938    13.25     6.21    19.46
  10-Jul-79     4939    10.10     1.33    11.44
  11-Jul-79     4940     7.06     8.36    15.42
  12-Jul-79     4941     4.33     0.88     5.21
  13-Jul-79     4942     4.98     2.25     7.23
  14-Jul-79     4943     8.08     4.19    12.27
  15-Jul-79     4944     9.50     2.31    11.81
  16-Jul-79     4945     7.33     0.31     7.65
  17-Jul-79     4946     2.45     1.23     3.68
  18-Jul-79     4947     2.08     3.52     5.60
  19-Jul-79     4948     1.55     5.77     7.32
  20-Jul-79     4949    13.05     4.48    17.54
  21-Jul-79     4950    12.00     1.03    13.03
  22-Jul-79     4951    12.80     0.63    13.43
  23-Jul-79     4952    29.49     2.14    31.63
  24-Jul-79     4953    18.04     1.73    19.77
  25-Jul-79     4954     9.77     7.06    16.82
  26-Jul-79     4955     3.18     5.39     8.57
  27-Jul-79     4956    11.82     4.36    16.18
  28-Jul-79     4957     4.21    14.40    18.60
  29-Jul-79     4958     4.56     6.06    10.63
  30-Jul-79     4959    14.42     4.92    19.33
  31-Jul-79     4960     1.66     3.90     5.56
  01-Aug-79     4961     3.31    10.17    13.48
  02-Aug-79     4962     7.79     3.15    10.94
  03-Aug-79     4963     7.84     0.82     8.66
  04-Aug-79     4964     5.42     1.68     7.10
  05-Aug-79     4965     2.59     1.26     3.85
  06-Aug-79     4966     6.41     0.86     7.27
  07-Aug-79     4967     2.77     1.21     3.98
  08-Aug-79     4968     6.88     0.83     7.71
  09-Aug-79     4969     6.91     2.02     8.93
  10-Aug-79     4970    21.33     0.92    22.25
  11-Aug-79     4971     2.33     2.81     5.15
  12-Aug-79     4972     6.67     0.00     6.67
  13-Aug-79     4973     3.59    11.88    15.46
  14-Aug-79     4974     3.75    29.40    33.15
  15-Aug-79     4975     3.46    12.02    15.48
  16-Aug-79     4976     6.31    11.85    18.15
  17-Aug-79     4977     0.53     2.33     2.86
  18-Aug-79     4978     2.36     7.70    10.07
  19-Aug-79     4979     5.42     8.01    13.43
  20-Aug-79     4980    34.33    10.85    45.19
  21-Aug-79     4981    16.42    14.85    31.27
  22-Aug-79     4982    17.10     9.15    26.25
  23-Aug-79     4983    16.19     5.52    21.71
  24-Aug-79     4984    16.95     6.34    23.28
  25-Aug-79     4985    17.22    12.36    29.58
  26-Aug-79     4986    45.52    10.88    56.40
  27-Aug-79     4987    16.21     2.42    18.63
  28-Aug-79     4988    28.92     2.65    31.56
  29-Aug-79     4989    14.67     1.69    16.35
  30-Aug-79     4990    19.71     2.00    21.71
  31-Aug-79     4991    14.88     2.29    17.17
  01-Sep-79     4992    12.67     3.96    16.63
  02-Sep-79     4993     7.52    10.25    17.77
  03-Sep-79     4994     8.08     6.73    14.81
  04-Sep-79     4995    10.68     6.41    17.09
  05-Sep-79     4996     4.31     1.23     5.54
  06-Sep-79     4997     8.82     1.05     9.87
  07-Sep-79     4998    12.35     4.06    16.42
  08-Sep-79     4999    12.92     3.21    16.13
  09-Sep-79     5000    10.88     1.29    12.17
  10-Sep-79     5001     8.90     2.42    11.31
  11-Sep-79     5002    22.46     1.66    24.12
  12-Sep-79     5003     6.55     3.37     9.92
  13-Sep-79     5004     9.38     7.00    16.38
  14-Sep-79     5005    25.75     8.08    33.83
  15-Sep-79     5006    16.08     8.57    24.64
  16-Sep-79     5007    17.76     3.70    21.46
  17-Sep-79     5008     8.94     0.24     9.18
  18-Sep-79     5009    14.05     5.04    19.10
  19-Sep-79     5010    41.56     6.77    48.33
  20-Sep-79     5011    22.50     7.81    30.31
  21-Sep-79     5012    17.84     5.00    22.84
  22-Sep-79     5013    13.46     2.47    15.93
  23-Sep-79     5014    13.87     4.48    18.35
  24-Sep-79     5015    15.23     7.29    22.52
  25-Sep-79     5016    16.90     1.10    18.00
  26-Sep-79     5017    12.34     3.79    16.13
  27-Sep-79     5018     8.54     6.10    14.65
  28-Sep-79     5019     7.18     1.36     8.53
  29-Sep-79     5020     6.86     0.20     7.06
  30-Sep-79     5021    18.31     4.49    22.80
  01-Oct-79     5022    20.56     4.19    24.75
  02-Oct-79     5023    23.42     7.75    31.17
  03-Oct-79     5024     5.24     2.46     7.70
  04-Oct-79     5025    13.48     3.27    16.75
  05-Oct-79     5026    15.49     5.79    21.28
  06-Oct-79     5027    16.50     7.23    23.73
  07-Oct-79     5028    21.71     8.38    30.08
  08-Oct-79     5029    13.33     7.63    20.96
  09-Oct-79     5030    13.21     4.90    18.10
  10-Oct-79     5031     9.88     2.63    12.50
  11-Oct-79     5032    21.46     2.65    24.12
  12-Oct-79     5033    18.60     1.06    19.67
  13-Oct-79     5034    13.22     4.30    17.52
  14-Oct-79     5035    27.73     2.58    30.31
  15-Oct-79     5036    17.27     0.73    18.00
  16-Oct-79     5037    16.44     6.13    22.56
  17-Oct-79     5038    19.17     7.19    26.35
  18-Oct-79     5039    14.34     6.03    20.37
  19-Oct-79     5040    27.60     1.15    28.75
  20-Oct-79     5041    32.32     1.89    34.21
  21-Oct-79     5042    16.44     4.77    21.21
  22-Oct-79     5043    11.41     2.56    13.97
  23-Oct-79     5044     5.45     4.25     9.70
  24-Oct-79     5045     7.52     9.83    17.35
  25-Oct-79     5046     2.92    20.77    23.69
  26-Oct-79     5047     2.65     7.60    10.25
  27-Oct-79     5048     1.44     7.52     8.97
  28-Oct-79     5049     2.46     3.43     5.89
  29-Oct-79     5050     4.15     4.21     8.36
  30-Oct-79     5051     6.43     4.14    10.57
  31-Oct-79     5052    11.71     3.04    14.75
  01-Nov-79     5053    14.25     2.90    17.15
  02-Nov-79     5054     6.06     1.83     7.90
  03-Nov-79     5055     6.43     5.59    12.02
  04-Nov-79     5056     5.19     1.88     7.08
  05-Nov-79     5057     7.30    31.75    39.05
  06-Nov-79     5058     5.27    20.48    25.75
  07-Nov-79     5059     6.87    23.71    30.58
  08-Nov-79     5060     5.77    33.40    39.17
  09-Nov-79     5061    16.80    17.02    33.82
  10-Nov-79     5062    14.25    27.25    41.50
  11-Nov-79     5063     8.66    14.12    22.78
  12-Nov-79     5064    21.52     9.33    30.85
  13-Nov-79     5065     5.31     6.19    11.50
  14-Nov-79     5066     8.52     4.42    12.94
  15-Nov-79     5067    23.55     3.89    27.44
  16-Nov-79     5068    11.28     9.50    20.77
  17-Nov-79     5069     8.62    16.30    24.91
  18-Nov-79     5070     5.52    11.27    16.79
  19-Nov-79     5071     4.41     6.93    11.33
  20-Nov-79     5072     8.59     3.66    12.25
  21-Nov-79     5073     2.62     7.03     9.64
  22-Nov-79     5074     2.35     5.99     8.34
  23-Nov-79     5075     4.20    10.22    14.42
  24-Nov-79     5076     8.38     3.16    11.54
  25-Nov-79     5077     2.59     3.08     5.66
  26-Nov-79     5078     2.67     3.85     6.51
  27-Nov-79     5079     5.11     2.95     8.06
  28-Nov-79     5080     0.00     5.42     5.42
  29-Nov-79     5081     0.52     8.69     9.21
  30-Nov-79     5082     0.84     3.22     4.06
  01-Dec-79     5083     4.94     6.58    11.52
  02-Dec-79     5084     0.27     4.71     4.98
  03-Dec-79     5085     0.79     4.85     5.65
  04-Dec-79     5086     0.71    19.79    20.50
  05-Dec-79     5087     0.00    15.27    15.27
  06-Dec-79     5088     1.52     6.29     7.81
  07-Dec-79     5089     4.69     5.81    10.50
  08-Dec-79     5090     9.32    13.77    23.09
  09-Dec-79     5091     3.17    11.03    14.20
  10-Dec-79     5092     2.77     1.95     4.72
  11-Dec-79     5093    10.26     5.81    16.07
  12-Dec-79     5094    16.29     6.04    22.33
  13-Dec-79     5095    10.68     9.17    19.85
  14-Dec-79     5096    13.94     5.09    19.03
  15-Dec-79     5097     9.01     9.71    18.73
  16-Dec-79     5098    10.43     6.94    17.37
  17-Dec-79     5099     3.40     4.94     8.34
  18-Dec-79     5100     9.29     5.56    14.85
  19-Dec-79     5101     9.47    16.26    25.74
  20-Dec-79     5102     1.10    24.98    26.08
  21-Dec-79     5103     0.75    24.08    24.82
  22-Dec-79     5104     0.00    34.27    34.27
  23-Dec-79     5105     0.85     9.44    10.29
  24-Dec-79     5106     1.30     5.87     7.17
  25-Dec-79     5107     0.00    19.88    19.88
  26-Dec-79     5108     0.00     4.53     4.53
  27-Dec-79     5109     0.00    16.68    16.68
  28-Dec-79     5110     1.22    12.61    13.83
  29-Dec-79     5111     1.07    11.02    12.09
  30-Dec-79     5112     1.73     3.85     5.58
  31-Dec-79     5113     0.10     1.94     2.04