
            DAILY SOLAR FLARE INDEX
           01 JAN 1986 - 31 DEC 1986
________________________________________________

  TIME (DAY)            NORTH    SOUTH    TOTAL
================================================
  01-Jan-86     7306     0.00     0.00     0.00
  02-Jan-86     7307     0.00     0.00     0.00
  03-Jan-86     7308     0.00     0.00     0.00
  04-Jan-86     7309     0.00     0.00     0.00
  05-Jan-86     7310     0.00     0.00     0.00
  06-Jan-86     7311     0.00     0.00     0.00
  07-Jan-86     7312     0.00     0.00     0.00
  08-Jan-86     7313     0.00     0.00     0.00
  09-Jan-86     7314     0.25     0.00     0.25
  10-Jan-86     7315     0.00     0.00     0.00
  11-Jan-86     7316     0.00     0.00     0.00
  12-Jan-86     7317     0.00     0.00     0.00
  13-Jan-86     7318     0.00     4.87     4.87
  14-Jan-86     7319     0.00     4.12     4.12
  15-Jan-86     7320     0.00     6.38     6.38
  16-Jan-86     7321     0.00     3.00     3.00
  17-Jan-86     7322     0.00     0.51     0.51
  18-Jan-86     7323     0.00     0.00     0.00
  19-Jan-86     7324     0.00     0.00     0.00
  20-Jan-86     7325     0.00     0.00     0.00
  21-Jan-86     7326     1.70     0.00     1.70
  22-Jan-86     7327     0.00     0.00     0.00
  23-Jan-86     7328     0.00     0.00     0.00
  24-Jan-86     7329     0.00     0.00     0.00
  25-Jan-86     7330     0.00     0.00     0.00
  26-Jan-86     7331     0.00     0.13     0.13
  27-Jan-86     7332     0.00     0.00     0.00
  28-Jan-86     7333     0.00     0.00     0.00
  29-Jan-86     7334     0.00     0.00     0.00
  30-Jan-86     7335     0.00     0.00     0.00
  31-Jan-86     7336     0.00     4.30     4.30
  01-Feb-86     7337     0.00     2.88     2.88
  02-Feb-86     7338     0.00     5.45     5.45
  03-Feb-86     7339     0.46    11.57    12.03
  04-Feb-86     7340     0.00    17.64    17.64
  05-Feb-86     7341     1.08     8.92    10.00
  06-Feb-86     7342     0.11    17.34    17.45
  07-Feb-86     7343     1.71    18.58    20.29
  08-Feb-86     7344     0.21     6.19     6.40
  09-Feb-86     7345     0.00     1.18     1.18
  10-Feb-86     7346     1.88     6.46     8.33
  11-Feb-86     7347     4.50    11.17    15.67
  12-Feb-86     7348     5.52     0.81     6.33
  13-Feb-86     7349     4.79     1.63     6.42
  14-Feb-86     7350     3.84     0.84     4.68
  15-Feb-86     7351     0.00     2.21     2.21
  16-Feb-86     7352     0.00     0.00     0.00
  17-Feb-86     7353     0.00     0.00     0.00
  18-Feb-86     7354     0.00     0.00     0.00
  19-Feb-86     7355     0.00     0.00     0.00
  20-Feb-86     7356     0.00     0.00     0.00
  21-Feb-86     7357     0.00     0.00     0.00
  22-Feb-86     7358     0.53     0.00     0.53
  23-Feb-86     7359     0.00     0.00     0.00
  24-Feb-86     7360     0.00     0.00     0.00
  25-Feb-86     7361     0.00     0.00     0.00
  26-Feb-86     7362     0.00     0.00     0.00
  27-Feb-86     7363     0.00     0.00     0.00
  28-Feb-86     7364     0.00     0.00     0.00
  01-Mar-86     7365     4.22     0.68     4.90
  02-Mar-86     7366     0.91     1.67     2.58
  03-Mar-86     7367     0.85     2.66     3.52
  04-Mar-86     7368     2.49     1.21     3.70
  05-Mar-86     7369     5.34     0.00     5.34
  06-Mar-86     7370     6.47     0.00     6.47
  07-Mar-86     7371     0.37     0.93     1.30
  08-Mar-86     7372     0.00     0.00     0.00
  09-Mar-86     7373     0.62     0.00     0.62
  10-Mar-86     7374     0.43     0.00     0.43
  11-Mar-86     7375     0.00     0.00     0.00
  12-Mar-86     7376     0.31     0.00     0.31
  13-Mar-86     7377     0.00     0.00     0.00
  14-Mar-86     7378     0.00     0.00     0.00
  15-Mar-86     7379     0.00     0.00     0.00
  16-Mar-86     7380     0.00     0.00     0.00
  17-Mar-86     7381     0.00     0.00     0.00
  18-Mar-86     7382     0.00     0.00     0.00
  19-Mar-86     7383     0.00     0.00     0.00
  20-Mar-86     7384     0.00     0.00     0.00
  21-Mar-86     7385     0.00     0.00     0.00
  22-Mar-86     7386     0.00     0.00     0.00
  23-Mar-86     7387     0.00     0.00     0.00
  24-Mar-86     7388     0.00     0.00     0.00
  25-Mar-86     7389     0.00     0.00     0.00
  26-Mar-86     7390     0.00     0.00     0.00
  27-Mar-86     7391     0.00     0.00     0.00
  28-Mar-86     7392     0.00     0.00     0.00
  29-Mar-86     7393     0.47     0.00     0.47
  30-Mar-86     7394     0.00     0.00     0.00
  31-Mar-86     7395     0.74     0.00     0.74
  01-Apr-86     7396     1.03     0.00     1.03
  02-Apr-86     7397     0.00     0.00     0.00
  03-Apr-86     7398     0.00     0.00     0.00
  04-Apr-86     7399     0.00     0.00     0.00
  05-Apr-86     7400     0.00     0.00     0.00
  06-Apr-86     7401     0.00     0.00     0.00
  07-Apr-86     7402     0.00     0.00     0.00
  08-Apr-86     7403     0.00     1.26     1.26
  09-Apr-86     7404     0.00     0.00     0.00
  10-Apr-86     7405     0.00     0.82     0.82
  11-Apr-86     7406     0.00     0.38     0.38
  12-Apr-86     7407     0.00     0.67     0.67
  13-Apr-86     7408     0.00     0.00     0.00
  14-Apr-86     7409     0.00     0.17     0.17
  15-Apr-86     7410     0.00     0.00     0.00
  16-Apr-86     7411     0.00     0.00     0.00
  17-Apr-86     7412     0.00     0.00     0.00
  18-Apr-86     7413     0.00     0.00     0.00
  19-Apr-86     7414     0.00     0.00     0.00
  20-Apr-86     7415     0.17     0.00     0.17
  21-Apr-86     7416     0.00     0.53     0.53
  22-Apr-86     7417     0.00     0.00     0.00
  23-Apr-86     7418     4.85     0.00     4.85
  24-Apr-86     7419    14.35     0.00    14.35
  25-Apr-86     7420     1.13     0.00     1.13
  26-Apr-86     7421     3.06     0.00     3.06
  27-Apr-86     7422     0.60     0.00     0.60
  28-Apr-86     7423     0.40     0.58     0.98
  29-Apr-86     7424     0.21     0.00     0.21
  30-Apr-86     7425     1.50    10.64    12.14
  01-May-86     7426     2.02     0.00     2.02
  02-May-86     7427     8.60     0.00     8.60
  03-May-86     7428     1.08     0.00     1.08
  04-May-86     7429     0.00     0.00     0.00
  05-May-86     7430     0.00     0.00     0.00
  06-May-86     7431     0.00     0.00     0.00
  07-May-86     7432     0.00     0.00     0.00
  08-May-86     7433     0.00     0.00     0.00
  09-May-86     7434     0.00     0.00     0.00
  10-May-86     7435     0.00     0.00     0.00
  11-May-86     7436     0.00     0.00     0.00
  12-May-86     7437     0.00     0.00     0.00
  13-May-86     7438     0.38     0.00     0.38
  14-May-86     7439     0.00     0.00     0.00
  15-May-86     7440     0.00     0.00     0.00
  16-May-86     7441     0.19     0.21     0.41
  17-May-86     7442     3.06     0.00     3.06
  18-May-86     7443     0.00     0.00     0.00
  19-May-86     7444     0.55     0.00     0.55
  20-May-86     7445     1.19     0.00     1.19
  21-May-86     7446     1.73     0.00     1.73
  22-May-86     7447     0.45     0.00     0.45
  23-May-86     7448     0.17     0.00     0.17
  24-May-86     7449     2.70     0.00     2.70
  25-May-86     7450     2.26     0.00     2.26
  26-May-86     7451     2.47     0.00     2.47
  27-May-86     7452     1.58     0.73     2.31
  28-May-86     7453     0.19     0.00     0.19
  29-May-86     7454     0.00     0.40     0.40
  30-May-86     7455     0.00     0.00     0.00
  31-May-86     7456     0.00     1.69     1.69
  01-Jun-86     7457     0.00     0.00     0.00
  02-Jun-86     7458     0.00     0.00     0.00
  03-Jun-86     7459     0.00     0.00     0.00
  04-Jun-86     7460     0.00     0.00     0.00
  05-Jun-86     7461     0.00     0.00     0.00
  06-Jun-86     7462     0.00     0.00     0.00
  07-Jun-86     7463     0.00     0.00     0.00
  08-Jun-86     7464     0.00     0.00     0.00
  09-Jun-86     7465     0.00     0.00     0.00
  10-Jun-86     7466     0.00     0.00     0.00
  11-Jun-86     7467     0.00     0.00     0.00
  12-Jun-86     7468     0.00     0.00     0.00
  13-Jun-86     7469     0.71     0.00     0.71
  14-Jun-86     7470     0.00     0.00     0.00
  15-Jun-86     7471     0.00     0.00     0.00
  16-Jun-86     7472     0.00     0.00     0.00
  17-Jun-86     7473     0.00     0.00     0.00
  18-Jun-86     7474     0.00     0.00     0.00
  19-Jun-86     7475     0.00     0.00     0.00
  20-Jun-86     7476     0.00     0.00     0.00
  21-Jun-86     7477     0.00     0.00     0.00
  22-Jun-86     7478     0.00     0.00     0.00
  23-Jun-86     7479     0.00     0.00     0.00
  24-Jun-86     7480     0.00     0.00     0.00
  25-Jun-86     7481     0.69     0.00     0.69
  26-Jun-86     7482     0.00     0.00     0.00
  27-Jun-86     7483     0.00     0.00     0.00
  28-Jun-86     7484     0.00     0.00     0.00
  29-Jun-86     7485     0.00     0.00     0.00
  30-Jun-86     7486     0.00     0.00     0.00
  01-Jul-86     7487     0.00     0.00     0.00
  02-Jul-86     7488     0.00     0.00     0.00
  03-Jul-86     7489     0.50     0.00     0.50
  04-Jul-86     7490     0.00     0.00     0.00
  05-Jul-86     7491     2.67     0.00     2.67
  06-Jul-86     7492     5.36     0.00     5.36
  07-Jul-86     7493     0.21     0.00     0.21
  08-Jul-86     7494     0.83     0.00     0.83
  09-Jul-86     7495     0.00     0.00     0.00
  10-Jul-86     7496     1.93     0.00     1.93
  11-Jul-86     7497     2.00     0.00     2.00
  12-Jul-86     7498     1.58     1.13     2.71
  13-Jul-86     7499     3.91     0.00     3.91
  14-Jul-86     7500     0.00     0.19     0.19
  15-Jul-86     7501     0.24     0.00     0.24
  16-Jul-86     7502     0.00     0.00     0.00
  17-Jul-86     7503     0.00     0.00     0.00
  18-Jul-86     7504     0.00     0.00     0.00
  19-Jul-86     7505     0.20     0.00     0.20
  20-Jul-86     7506     0.19     0.00     0.19
  21-Jul-86     7507     0.00     0.00     0.00
  22-Jul-86     7508     0.00     0.00     0.00
  23-Jul-86     7509     0.00     0.00     0.00
  24-Jul-86     7510     0.00     0.00     0.00
  25-Jul-86     7511     0.00     0.00     0.00
  26-Jul-86     7512     0.00     0.00     0.00
  27-Jul-86     7513     0.00     0.00     0.00
  28-Jul-86     7514     2.08     0.00     2.08
  29-Jul-86     7515     3.65     0.00     3.65
  30-Jul-86     7516     0.83     0.00     0.83
  31-Jul-86     7517     0.48     0.00     0.48
  01-Aug-86     7518     1.17     0.00     1.17
  02-Aug-86     7519     0.00     0.00     0.00
  03-Aug-86     7520     0.63     0.00     0.63
  04-Aug-86     7521     0.74     0.00     0.74
  05-Aug-86     7522     0.54     0.00     0.54
  06-Aug-86     7523     0.19     0.00     0.19
  07-Aug-86     7524     0.00     0.00     0.00
  08-Aug-86     7525     0.55     0.00     0.55
  09-Aug-86     7526     0.00     0.00     0.00
  10-Aug-86     7527     0.00     0.00     0.00
  11-Aug-86     7528     0.00     0.00     0.00
  12-Aug-86     7529     0.00     0.00     0.00
  13-Aug-86     7530     0.00     0.00     0.00
  14-Aug-86     7531     0.00     0.00     0.00
  15-Aug-86     7532     0.00     0.00     0.00
  16-Aug-86     7533     0.00     0.00     0.00
  17-Aug-86     7534     0.00     0.00     0.00
  18-Aug-86     7535     0.00     0.00     0.00
  19-Aug-86     7536     0.00     0.00     0.00
  20-Aug-86     7537     0.00     0.00     0.00
  21-Aug-86     7538     0.00     0.00     0.00
  22-Aug-86     7539     0.00     0.00     0.00
  23-Aug-86     7540     0.00     0.00     0.00
  24-Aug-86     7541     0.00     0.00     0.00
  25-Aug-86     7542     0.00     0.00     0.00
  26-Aug-86     7543     0.00     0.00     0.00
  27-Aug-86     7544     0.00     0.00     0.00
  28-Aug-86     7545     0.00     0.00     0.00
  29-Aug-86     7546     0.00     0.00     0.00
  30-Aug-86     7547     0.00     0.00     0.00
  31-Aug-86     7548     0.00     0.00     0.00
  01-Sep-86     7549     0.00     0.00     0.00
  02-Sep-86     7550     0.00     0.00     0.00
  03-Sep-86     7551     0.00     0.00     0.00
  04-Sep-86     7552     0.00     0.00     0.00
  05-Sep-86     7553     0.00     0.00     0.00
  06-Sep-86     7554     1.23     0.00     1.23
  07-Sep-86     7555     0.70     0.00     0.70
  08-Sep-86     7556     2.46     0.00     2.46
  09-Sep-86     7557     0.00     0.00     0.00
  10-Sep-86     7558     0.00     0.00     0.00
  11-Sep-86     7559     0.00     0.00     0.00
  12-Sep-86     7560     0.00     0.00     0.00
  13-Sep-86     7561     0.00     0.00     0.00
  14-Sep-86     7562     0.21     0.00     0.21
  15-Sep-86     7563     0.00     0.00     0.00
  16-Sep-86     7564     0.00     0.00     0.00
  17-Sep-86     7565     0.00     0.00     0.00
  18-Sep-86     7566     0.00     0.00     0.00
  19-Sep-86     7567     0.00     0.00     0.00
  20-Sep-86     7568     0.00     0.00     0.00
  21-Sep-86     7569     0.00     0.00     0.00
  22-Sep-86     7570     0.00     0.00     0.00
  23-Sep-86     7571     0.00     0.00     0.00
  24-Sep-86     7572     0.00     0.00     0.00
  25-Sep-86     7573     0.00     0.00     0.00
  26-Sep-86     7574     0.00     0.00     0.00
  27-Sep-86     7575     0.00     0.00     0.00
  28-Sep-86     7576     0.00     0.00     0.00
  29-Sep-86     7577     0.00     0.00     0.00
  30-Sep-86     7578     0.00     0.00     0.00
  01-Oct-86     7579     0.51     0.00     0.51
  02-Oct-86     7580     0.25     0.00     0.25
  03-Oct-86     7581     0.34     0.00     0.34
  04-Oct-86     7582     0.00     0.00     0.00
  05-Oct-86     7583     0.00     0.00     0.00
  06-Oct-86     7584     1.17     0.29     1.46
  07-Oct-86     7585     1.54     0.00     1.54
  08-Oct-86     7586     1.13     0.00     1.13
  09-Oct-86     7587     0.36     1.45     1.81
  10-Oct-86     7588     0.00     0.00     0.00
  11-Oct-86     7589     1.34     0.74     2.07
  12-Oct-86     7590     0.00     1.58     1.58
  13-Oct-86     7591     0.10     0.35     0.46
  14-Oct-86     7592     0.00     0.00     0.00
  15-Oct-86     7593     0.33     0.00     0.33
  16-Oct-86     7594     0.88     0.00     0.88
  17-Oct-86     7595     3.58     0.00     3.58
  18-Oct-86     7596     7.56     0.00     7.56
  19-Oct-86     7597    10.29     0.00    10.29
  20-Oct-86     7598     3.33     0.00     3.33
  21-Oct-86     7599     0.61     0.00     0.61
  22-Oct-86     7600     2.58     0.26     2.84
  23-Oct-86     7601     4.08     7.36    11.44
  24-Oct-86     7602     6.85     0.00     6.85
  25-Oct-86     7603     4.42     0.00     4.42
  26-Oct-86     7604     1.20     1.13     2.33
  27-Oct-86     7605     2.56     0.18     2.74
  28-Oct-86     7606     0.63     1.46     2.08
  29-Oct-86     7607     0.17     0.24     0.41
  30-Oct-86     7608     0.87     0.87     1.75
  31-Oct-86     7609     3.00     0.17     3.17
  01-Nov-86     7610     6.98     0.00     6.98
  02-Nov-86     7611     0.61     1.10     1.71
  03-Nov-86     7612     0.00     0.00     0.00
  04-Nov-86     7613     1.55     1.72     3.26
  05-Nov-86     7614     1.58     0.00     1.58
  06-Nov-86     7615     5.06     0.15     5.21
  07-Nov-86     7616     0.41     0.00     0.41
  08-Nov-86     7617     0.21     0.00     0.21
  09-Nov-86     7618     0.00     0.00     0.00
  10-Nov-86     7619     0.00     0.00     0.00
  11-Nov-86     7620     0.00     0.00     0.00
  12-Nov-86     7621     0.00     0.00     0.00
  13-Nov-86     7622     0.13     0.00     0.13
  14-Nov-86     7623     0.00     0.00     0.00
  15-Nov-86     7624     0.45     0.00     0.45
  16-Nov-86     7625     0.00     0.00     0.00
  17-Nov-86     7626     0.23     0.00     0.23
  18-Nov-86     7627     0.00     0.00     0.00
  19-Nov-86     7628     0.02     0.00     0.02
  20-Nov-86     7629     2.74     0.00     2.74
  21-Nov-86     7630     0.00     0.00     0.00
  22-Nov-86     7631     0.00     0.00     0.00
  23-Nov-86     7632     0.30     1.31     1.61
  24-Nov-86     7633     0.00     0.44     0.44
  25-Nov-86     7634     0.00     0.00     0.00
  26-Nov-86     7635     0.49     0.00     0.49
  27-Nov-86     7636     0.00     0.00     0.00
  28-Nov-86     7637     0.00     0.34     0.34
  29-Nov-86     7638     0.00     0.00     0.00
  30-Nov-86     7639     0.00     0.00     0.00
  01-Dec-86     7640     0.00     0.00     0.00
  02-Dec-86     7641     0.00     0.00     0.00
  03-Dec-86     7642     0.00     0.00     0.00
  04-Dec-86     7643     0.00     0.00     0.00
  05-Dec-86     7644     0.00     0.00     0.00
  06-Dec-86     7645     0.00     0.00     0.00
  07-Dec-86     7646     0.00     0.00     0.00
  08-Dec-86     7647     0.00     0.00     0.00
  09-Dec-86     7648     0.00     0.00     0.00
  10-Dec-86     7649     0.00     0.19     0.19
  11-Dec-86     7650     0.00     0.00     0.00
  12-Dec-86     7651     0.11     0.72     0.82
  13-Dec-86     7652     0.00     0.00     0.00
  14-Dec-86     7653     0.00     0.00     0.00
  15-Dec-86     7654     0.00     0.00     0.00
  16-Dec-86     7655     0.00     3.29     3.29
  17-Dec-86     7656     0.00     0.00     0.00
  18-Dec-86     7657     0.00     0.00     0.00
  19-Dec-86     7658     0.00     0.00     0.00
  20-Dec-86     7659     0.00     0.00     0.00
  21-Dec-86     7660     0.00     3.12     3.12
  22-Dec-86     7661     0.00     0.00     0.00
  23-Dec-86     7662     0.00     0.07     0.07
  24-Dec-86     7663     0.17     0.00     0.17
  25-Dec-86     7664     0.00     0.00     0.00
  26-Dec-86     7665     0.00     0.00     0.00
  27-Dec-86     7666     0.00     0.00     0.00
  28-Dec-86     7667     0.00     0.00     0.00
  29-Dec-86     7668     0.00     0.00     0.00
  30-Dec-86     7669     0.00     0.00     0.00
  31-Dec-86     7670     0.00     0.00     0.00