
            DAILY SOLAR FLARE INDEX
           01 JAN 1969 - 31 DEC 1969
________________________________________________

  TIME (DAY)            NORTH    SOUTH    TOTAL
================================================
  01-Jan-69     1097     0.21     0.00     0.21
  02-Jan-69     1098     2.17     1.13     3.29
  03-Jan-69     1099     4.63     0.00     4.63
  04-Jan-69     1100    12.50     0.42    12.92
  05-Jan-69     1101     1.00     0.00     1.00
  06-Jan-69     1102     3.21     0.00     3.21
  07-Jan-69     1103     6.33     6.17    12.50
  08-Jan-69     1104     4.82     6.62    11.45
  09-Jan-69     1105     0.42     7.00     7.42
  10-Jan-69     1106     3.95     0.59     4.54
  11-Jan-69     1107     1.42     1.63     3.04
  12-Jan-69     1108     0.79     1.42     2.21
  13-Jan-69     1109     0.68     1.35     2.03
  14-Jan-69     1110     2.12     0.69     2.81
  15-Jan-69     1111     2.88     1.31     4.19
  16-Jan-69     1112     0.00     1.36     1.36
  17-Jan-69     1113     4.92     0.00     4.92
  18-Jan-69     1114     4.58     0.46     5.04
  19-Jan-69     1115     2.37     0.00     2.37
  20-Jan-69     1116     0.00     0.00     0.00
  21-Jan-69     1117     4.92     0.00     4.92
  22-Jan-69     1118     1.25     0.00     1.25
  23-Jan-69     1119     0.00     0.00     0.00
  24-Jan-69     1120    19.67     0.00    19.67
  25-Jan-69     1121     4.67     0.00     4.67
  26-Jan-69     1122     6.17     0.00     6.17
  27-Jan-69     1123     2.08     0.00     2.08
  28-Jan-69     1124     6.13     0.00     6.13
  29-Jan-69     1125     2.86     0.00     2.86
  30-Jan-69     1126     1.43     0.00     1.43
  31-Jan-69     1127     0.58     0.25     0.83
  01-Feb-69     1128     4.33     0.00     4.33
  02-Feb-69     1129     5.50     0.42     5.92
  03-Feb-69     1130     1.38     2.00     3.38
  04-Feb-69     1131     2.58     0.00     2.58
  05-Feb-69     1132     2.94     0.00     2.94
  06-Feb-69     1133     4.29     0.00     4.29
  07-Feb-69     1134     3.92     0.75     4.67
  08-Feb-69     1135     1.97     0.58     2.56
  09-Feb-69     1136     1.04     0.58     1.63
  10-Feb-69     1137     1.46     0.33     1.79
  11-Feb-69     1138     6.54     1.75     8.29
  12-Feb-69     1139     0.34     0.00     0.34
  13-Feb-69     1140     3.22     0.00     3.22
  14-Feb-69     1141     0.42     0.00     0.42
  15-Feb-69     1142     0.00     0.00     0.00
  16-Feb-69     1143     0.00     0.00     0.00
  17-Feb-69     1144     0.00     0.50     0.50
  18-Feb-69     1145     0.00     0.50     0.50
  19-Feb-69     1146     2.27     0.00     2.27
  20-Feb-69     1147     4.33     0.25     4.58
  21-Feb-69     1148     0.73     0.55     1.28
  22-Feb-69     1149     3.25     0.00     3.25
  23-Feb-69     1150     6.17     1.00     7.17
  24-Feb-69     1151    11.93     2.79    14.72
  25-Feb-69     1152    19.96     2.46    22.42
  26-Feb-69     1153    11.83     1.29    13.13
  27-Feb-69     1154     9.29     6.17    15.46
  28-Feb-69     1155     3.96    10.96    14.92
  01-Mar-69     1156     2.71     1.92     4.63
  02-Mar-69     1157     5.21     3.00     8.21
  03-Mar-69     1158     1.88     2.17     4.04
  04-Mar-69     1159     0.67     0.00     0.67
  05-Mar-69     1160     2.54     0.67     3.21
  06-Mar-69     1161     1.58     0.29     1.88
  07-Mar-69     1162     2.17     0.46     2.63
  08-Mar-69     1163     1.17     0.00     1.17
  09-Mar-69     1164     3.25     0.00     3.25
  10-Mar-69     1165     0.00     0.00     0.00
  11-Mar-69     1166     1.13     0.00     1.13
  12-Mar-69     1167     8.58     0.96     9.54
  13-Mar-69     1168     5.25     2.00     7.25
  14-Mar-69     1169     1.63     1.17     2.79
  15-Mar-69     1170     3.17     0.00     3.17
  16-Mar-69     1171     5.21     0.00     5.21
  17-Mar-69     1172     4.92     0.33     5.25
  18-Mar-69     1173     5.58     0.00     5.58
  19-Mar-69     1174     2.79     0.79     3.58
  20-Mar-69     1175     4.58     0.00     4.58
  21-Mar-69     1176    26.33     2.25    28.58
  22-Mar-69     1177     6.17     1.75     7.92
  23-Mar-69     1178     9.32     1.88    11.20
  24-Mar-69     1179     1.67     0.00     1.67
  25-Mar-69     1180     7.38     2.38     9.75
  26-Mar-69     1181     8.29     0.92     9.21
  27-Mar-69     1182    12.75     0.00    12.75
  28-Mar-69     1183     3.83     0.00     3.83
  29-Mar-69     1184     6.67     0.00     6.67
  30-Mar-69     1185     3.83     1.25     5.08
  31-Mar-69     1186     1.46     0.79     2.25
  01-Apr-69     1187     0.76     0.00     0.76
  02-Apr-69     1188     8.08     0.00     8.08
  03-Apr-69     1189     4.42     0.00     4.42
  04-Apr-69     1190     0.00     0.00     0.00
  05-Apr-69     1191     2.08     0.71     2.79
  06-Apr-69     1192     2.38     0.00     2.38
  07-Apr-69     1193     0.67     0.00     0.67
  08-Apr-69     1194     0.25     0.00     0.25
  09-Apr-69     1195     5.17     1.79     6.96
  10-Apr-69     1196     0.00     0.72     0.72
  11-Apr-69     1197     0.00     0.00     0.00
  12-Apr-69     1198     0.92     0.00     0.92
  13-Apr-69     1199     4.00     1.42     5.42
  14-Apr-69     1200    12.92     1.17    14.08
  15-Apr-69     1201     9.83     1.13    10.96
  16-Apr-69     1202     8.83     0.67     9.50
  17-Apr-69     1203     3.38     0.00     3.38
  18-Apr-69     1204     9.88     0.00     9.88
  19-Apr-69     1205     8.25     0.92     9.17
  20-Apr-69     1206     9.75     1.17    10.92
  21-Apr-69     1207    16.63     0.92    17.54
  22-Apr-69     1208     0.33     1.88     2.21
  23-Apr-69     1209    10.92     7.25    18.17
  24-Apr-69     1210     9.83     1.13    10.96
  25-Apr-69     1211     1.08     0.00     1.08
  26-Apr-69     1212     9.88     0.25    10.13
  27-Apr-69     1213     1.29     0.75     2.04
  28-Apr-69     1214     0.00     0.00     0.00
  29-Apr-69     1215     6.17     0.00     6.17
  30-Apr-69     1216     2.13     0.00     2.13
  01-May-69     1217     0.00     1.21     1.21
  02-May-69     1218     5.65     3.12     8.78
  03-May-69     1219     2.33     0.92     3.25
  04-May-69     1220     4.88     0.00     4.88
  05-May-69     1221     5.21     4.04     9.25
  06-May-69     1222     0.00     4.17     4.17
  07-May-69     1223     0.00     2.75     2.75
  08-May-69     1224     0.00     4.80     4.80
  09-May-69     1225     0.00     3.67     3.67
  10-May-69     1226     1.38     0.00     1.38
  11-May-69     1227     0.75     0.00     0.75
  12-May-69     1228    15.21     4.79    20.00
  13-May-69     1229     0.17     0.42     0.58
  14-May-69     1230     4.04     0.92     4.96
  15-May-69     1231     1.38     6.75     8.13
  16-May-69     1232     0.83     1.33     2.17
  17-May-69     1233     5.78     0.68     6.46
  18-May-69     1234    31.22     0.89    32.11
  19-May-69     1235     9.67     0.79    10.46
  20-May-69     1236     3.42     2.79     6.21
  21-May-69     1237     1.75     6.79     8.54
  22-May-69     1238    15.46     0.54    16.00
  23-May-69     1239     0.67     0.67     1.33
  24-May-69     1240     3.08     3.42     6.50
  25-May-69     1241     7.88     3.75    11.63
  26-May-69     1242     5.38     2.33     7.71
  27-May-69     1243     2.58     2.13     4.71
  28-May-69     1244     8.38     0.75     9.13
  29-May-69     1245    10.42     5.25    15.67
  30-May-69     1246     2.75     2.17     4.92
  31-May-69     1247     0.58     0.00     0.58
  01-Jun-69     1248     0.96     0.00     0.96
  02-Jun-69     1249     0.00     0.33     0.33
  03-Jun-69     1250     3.45     2.35     5.80
  04-Jun-69     1251     1.33     0.00     1.33
  05-Jun-69     1252    30.63     1.63    32.25
  06-Jun-69     1253    11.83    18.54    30.38
  07-Jun-69     1254     4.17     6.17    10.33
  08-Jun-69     1255     1.75     4.42     6.17
  09-Jun-69     1256     6.38     2.42     8.79
  10-Jun-69     1257     2.96     3.50     6.46
  11-Jun-69     1258    10.71     3.25    13.96
  12-Jun-69     1259     2.58     1.17     3.75
  13-Jun-69     1260     2.97    11.02    13.98
  14-Jun-69     1261     2.17    19.08    21.25
  15-Jun-69     1262     0.00     8.46     8.46
  16-Jun-69     1263     0.00     0.42     0.42
  17-Jun-69     1264     0.38     0.58     0.96
  18-Jun-69     1265     4.29     0.42     4.71
  19-Jun-69     1266     4.50     1.33     5.83
  20-Jun-69     1267     4.29     0.63     4.92
  21-Jun-69     1268     1.17     2.29     3.46
  22-Jun-69     1269     1.67     0.00     1.67
  23-Jun-69     1270     3.04     0.58     3.63
  24-Jun-69     1271     1.79     1.38     3.17
  25-Jun-69     1272     0.25     1.29     1.54
  26-Jun-69     1273     0.00     0.00     0.00
  27-Jun-69     1274     0.00     0.00     0.00
  28-Jun-69     1275     0.17     0.00     0.17
  29-Jun-69     1276     0.92     0.00     0.92
  30-Jun-69     1277     1.54     2.83     4.38
  01-Jul-69     1278     0.00     2.75     2.75
  02-Jul-69     1279     0.38     0.92     1.29
  03-Jul-69     1280     0.83     5.58     6.42
  04-Jul-69     1281     4.65     0.96     5.61
  05-Jul-69     1282     0.00     4.67     4.67
  06-Jul-69     1283     0.33     5.75     6.08
  07-Jul-69     1284     2.63     4.83     7.46
  08-Jul-69     1285     0.46     3.92     4.38
  09-Jul-69     1286     0.33     5.25     5.58
  10-Jul-69     1287     0.00     5.79     5.79
  11-Jul-69     1288     0.00     3.21     3.21
  12-Jul-69     1289     0.83     2.83     3.67
  13-Jul-69     1290     0.58     1.04     1.63
  14-Jul-69     1291     1.72     0.67     2.39
  15-Jul-69     1292     2.33     0.00     2.33
  16-Jul-69     1293     3.97     0.51     4.47
  17-Jul-69     1294     0.33     1.83     2.17
  18-Jul-69     1295     0.33     1.21     1.54
  19-Jul-69     1296     0.59     0.00     0.59
  20-Jul-69     1297     0.17     0.96     1.13
  21-Jul-69     1298     0.00     0.00     0.00
  22-Jul-69     1299     0.00     1.17     1.17
  23-Jul-69     1300     0.00     0.88     0.88
  24-Jul-69     1301     0.00     0.33     0.33
  25-Jul-69     1302     0.00     1.42     1.42
  26-Jul-69     1303     0.00     1.83     1.83
  27-Jul-69     1304     0.25     0.96     1.21
  28-Jul-69     1305     0.21     2.96     3.17
  29-Jul-69     1306     2.67     3.79     6.46
  30-Jul-69     1307     0.00     1.29     1.29
  31-Jul-69     1308     0.00     2.00     2.00
  01-Aug-69     1309     0.00    11.79    11.79
  02-Aug-69     1310     4.50    10.54    15.04
  03-Aug-69     1311     0.33     2.38     2.71
  04-Aug-69     1312     1.83     6.04     7.88
  05-Aug-69     1313     0.96     2.58     3.54
  06-Aug-69     1314     1.33     1.58     2.92
  07-Aug-69     1315     4.50     0.42     4.92
  08-Aug-69     1316     1.00     0.42     1.42
  09-Aug-69     1317     0.00     1.50     1.50
  10-Aug-69     1318     0.58     1.79     2.38
  11-Aug-69     1319     8.58     2.29    10.88
  12-Aug-69     1320     1.00     5.25     6.25
  13-Aug-69     1321     0.00     1.00     1.00
  14-Aug-69     1322     0.00     2.25     2.25
  15-Aug-69     1323     0.00     0.83     0.83
  16-Aug-69     1324     0.00     0.00     0.00
  17-Aug-69     1325     0.00     0.00     0.00
  18-Aug-69     1326     0.00     4.17     4.17
  19-Aug-69     1327     0.00     0.42     0.42
  20-Aug-69     1328     0.00     0.00     0.00
  21-Aug-69     1329     4.29     0.00     4.29
  22-Aug-69     1330     2.25     1.67     3.92
  23-Aug-69     1331     6.83     0.67     7.50
  24-Aug-69     1332     8.92     0.00     8.92
  25-Aug-69     1333     2.75     0.00     2.75
  26-Aug-69     1334     7.88     0.00     7.88
  27-Aug-69     1335     3.00     0.00     3.00
  28-Aug-69     1336     3.50     0.96     4.46
  29-Aug-69     1337     4.79     0.00     4.79
  30-Aug-69     1338     0.26     0.00     0.26
  31-Aug-69     1339     0.00     1.27     1.27
  01-Sep-69     1340     0.63     0.00     0.63
  02-Sep-69     1341     4.63     0.00     4.63
  03-Sep-69     1342     2.79     1.08     3.88
  04-Sep-69     1343     6.50     3.25     9.75
  05-Sep-69     1344     5.58     0.33     5.92
  06-Sep-69     1345     1.21     1.75     2.96
  07-Sep-69     1346     5.33     4.13     9.46
  08-Sep-69     1347     0.38     0.00     0.38
  09-Sep-69     1348     0.29     0.92     1.21
  10-Sep-69     1349     0.75     2.75     3.50
  11-Sep-69     1350     0.00     2.67     2.67
  12-Sep-69     1351     0.21     0.79     1.00
  13-Sep-69     1352     2.71     2.38     5.08
  14-Sep-69     1353     0.00     2.33     2.33
  15-Sep-69     1354     0.00     9.25     9.25
  16-Sep-69     1355     0.29    11.08    11.38
  17-Sep-69     1356     0.00     7.83     7.83
  18-Sep-69     1357     0.00     2.79     2.79
  19-Sep-69     1358     1.33     0.00     1.33
  20-Sep-69     1359     0.00     0.21     0.21
  21-Sep-69     1360     2.73     2.44     5.17
  22-Sep-69     1361     0.00     1.54     1.54
  23-Sep-69     1362     2.61     1.43     4.03
  24-Sep-69     1363     4.96     3.92     8.88
  25-Sep-69     1364    19.92     1.38    21.29
  26-Sep-69     1365     0.67     2.54     3.21
  27-Sep-69     1366    22.29     0.00    22.29
  28-Sep-69     1367     1.67     0.00     1.67
  29-Sep-69     1368     1.14     0.00     1.14
  30-Sep-69     1369     0.00     6.72     6.72
  01-Oct-69     1370     5.04     0.00     5.04
  02-Oct-69     1371     8.67     0.63     9.29
  03-Oct-69     1372     2.42     0.71     3.13
  04-Oct-69     1373     1.67     1.17     2.83
  05-Oct-69     1374     1.79     8.04     9.83
  06-Oct-69     1375     3.33     0.00     3.33
  07-Oct-69     1376     1.46     0.00     1.46
  08-Oct-69     1377     3.05     0.00     3.05
  09-Oct-69     1378     5.17     0.00     5.17
  10-Oct-69     1379     1.33     0.00     1.33
  11-Oct-69     1380     4.18     0.00     4.18
  12-Oct-69     1381     0.88     0.42     1.29
  13-Oct-69     1382     0.81     0.25     1.06
  14-Oct-69     1383     3.08     1.58     4.67
  15-Oct-69     1384     0.25     0.38     0.63
  16-Oct-69     1385     0.71     0.00     0.71
  17-Oct-69     1386     0.33     0.00     0.33
  18-Oct-69     1387     0.33     0.42     0.75
  19-Oct-69     1388     5.17     0.00     5.17
  20-Oct-69     1389     7.75     0.42     8.17
  21-Oct-69     1390     2.83     0.38     3.21
  22-Oct-69     1391     6.92     0.58     7.50
  23-Oct-69     1392     0.96     3.83     4.79
  24-Oct-69     1393     7.38     1.42     8.79
  25-Oct-69     1394     1.33     1.00     2.33
  26-Oct-69     1395     1.29     0.96     2.25
  27-Oct-69     1396     6.92     0.00     6.92
  28-Oct-69     1397     4.25     0.00     4.25
  29-Oct-69     1398     0.92     0.58     1.50
  30-Oct-69     1399     5.46     0.00     5.46
  31-Oct-69     1400     1.83     0.00     1.83
  01-Nov-69     1401     1.83     0.00     1.83
  02-Nov-69     1402     4.08     0.42     4.50
  03-Nov-69     1403     1.13     1.58     2.71
  04-Nov-69     1404    11.25     0.50    11.75
  05-Nov-69     1405     8.50     0.00     8.50
  06-Nov-69     1406     2.67     0.00     2.67
  07-Nov-69     1407    10.29     0.48    10.76
  08-Nov-69     1408     0.00     0.00     0.00
  09-Nov-69     1409     0.00     0.00     0.00
  10-Nov-69     1410     0.00     0.00     0.00
  11-Nov-69     1411     0.28     0.00     0.28
  12-Nov-69     1412     2.63     0.00     2.63
  13-Nov-69     1413     0.75     0.75     1.50
  14-Nov-69     1414     1.48     0.00     1.48
  15-Nov-69     1415     1.61     0.00     1.61
  16-Nov-69     1416     4.21     0.00     4.21
  17-Nov-69     1417     3.01     1.44     4.45
  18-Nov-69     1418    27.33     0.67    28.00
  19-Nov-69     1419    24.58     0.92    25.50
  20-Nov-69     1420    16.75     0.71    17.46
  21-Nov-69     1421    15.83     0.00    15.83
  22-Nov-69     1422    15.42     0.00    15.42
  23-Nov-69     1423    15.96     0.33    16.29
  24-Nov-69     1424    15.70     1.00    16.70
  25-Nov-69     1425    10.79     1.71    12.50
  26-Nov-69     1426     9.17     0.33     9.50
  27-Nov-69     1427     7.11     4.30    11.40
  28-Nov-69     1428     3.33     3.29     6.63
  29-Nov-69     1429     0.00     0.00     0.00
  30-Nov-69     1430     0.88     0.50     1.38
  01-Dec-69     1431     3.15     0.00     3.15
  02-Dec-69     1432     3.88     0.63     4.50
  03-Dec-69     1433     4.63     0.00     4.63
  04-Dec-69     1434     2.50     0.00     2.50
  05-Dec-69     1435     6.88     1.39     8.27
  06-Dec-69     1436     7.65     2.96    10.61
  07-Dec-69     1437     1.00     0.00     1.00
  08-Dec-69     1438     1.08     1.63     2.71
  09-Dec-69     1439     0.00     0.00     0.00
  10-Dec-69     1440     0.00     0.00     0.00
  11-Dec-69     1441     0.71     0.00     0.71
  12-Dec-69     1442     1.25     0.00     1.25
  13-Dec-69     1443     2.96     1.22     4.17
  14-Dec-69     1444     5.75     2.25     8.00
  15-Dec-69     1445     7.08     2.08     9.17
  16-Dec-69     1446     0.47     0.68     1.14
  17-Dec-69     1447    16.79     6.83    23.63
  18-Dec-69     1448     2.42     0.00     2.42
  19-Dec-69     1449     2.32     5.78     8.10
  20-Dec-69     1450     3.42     3.38     6.79
  21-Dec-69     1451     0.00     0.69     0.69
  22-Dec-69     1452     0.00     2.08     2.08
  23-Dec-69     1453     4.39     1.78     6.17
  24-Dec-69     1454     1.29     3.42     4.71
  25-Dec-69     1455     0.99     0.38     1.37
  26-Dec-69     1456     0.00     2.58     2.58
  27-Dec-69     1457     0.83     3.17     4.00
  28-Dec-69     1458     1.70     1.41     3.11
  29-Dec-69     1459     1.08     4.50     5.58
  30-Dec-69     1460     0.00     1.39     1.39
  31-Dec-69     1461     2.62     0.73     3.35
  