
            DAILY SOLAR FLARE INDEX
           01 JAN 1984 - 31 DEC 1984
________________________________________________

  TIME (DAY)            NORTH    SOUTH    TOTAL
================================================
  01-Jan-84     6575     0.35     0.00     0.35
  02-Jan-84     6576     2.85     0.00     2.85
  03-Jan-84     6577     1.17     0.00     1.17
  04-Jan-84     6578     1.03     0.00     1.03
  05-Jan-84     6579     1.02     0.25     1.27
  06-Jan-84     6580     0.00     1.13     1.13
  07-Jan-84     6581     0.00     0.00     0.00
  08-Jan-84     6582     0.00     0.19     0.19
  09-Jan-84     6583     0.00     0.18     0.18
  10-Jan-84     6584     0.00     4.10     4.10
  11-Jan-84     6585     0.00    17.46    17.46
  12-Jan-84     6586     0.00     8.21     8.21
  13-Jan-84     6587     0.00    10.22    10.22
  14-Jan-84     6588     0.00     1.92     1.92
  15-Jan-84     6589     0.00     0.76     0.76
  16-Jan-84     6590     0.00     2.61     2.61
  17-Jan-84     6591     0.00     1.04     1.04
  18-Jan-84     6592     0.00     3.67     3.67
  19-Jan-84     6593     0.40     4.38     4.77
  20-Jan-84     6594     0.00    13.31    13.31
  21-Jan-84     6595     0.00     2.48     2.48
  22-Jan-84     6596     1.23     1.56     2.79
  23-Jan-84     6597     8.25     0.00     8.25
  24-Jan-84     6598     3.83     1.03     4.86
  25-Jan-84     6599    13.81     7.98    21.79
  26-Jan-84     6600    14.00     4.81    18.81
  27-Jan-84     6601    15.42     1.94    17.35
  28-Jan-84     6602     7.30     0.00     7.30
  29-Jan-84     6603     9.71     0.27     9.98
  30-Jan-84     6604    12.46     0.00    12.46
  31-Jan-84     6605    18.41     0.17    18.58
  01-Feb-84     6606    17.21     0.00    17.21
  02-Feb-84     6607    11.44     1.27    12.71
  03-Feb-84     6608     8.65     0.00     8.65
  04-Feb-84     6609     2.21     0.00     2.21
  05-Feb-84     6610     0.21     1.26     1.46
  06-Feb-84     6611     0.00     8.31     8.31
  07-Feb-84     6612     0.39     7.56     7.95
  08-Feb-84     6613     1.36    23.38    24.74
  09-Feb-84     6614     0.56    14.61    15.17
  10-Feb-84     6615     0.42    19.42    19.84
  11-Feb-84     6616     0.00    13.77    13.77
  12-Feb-84     6617     0.17     7.44     7.60
  13-Feb-84     6618     0.00     3.09     3.09
  14-Feb-84     6619     0.00     3.33     3.33
  15-Feb-84     6620     0.00     1.00     1.00
  16-Feb-84     6621     0.00     2.16     2.16
  17-Feb-84     6622     7.34     1.06     8.40
  18-Feb-84     6623     7.71     0.50     8.21
  19-Feb-84     6624     5.74     0.19     5.94
  20-Feb-84     6625     8.00     0.36     8.36
  21-Feb-84     6626     7.12     0.74     7.86
  22-Feb-84     6627     9.22    11.57    20.78
  23-Feb-84     6628     5.99     7.63    13.62
  24-Feb-84     6629    19.75     8.13    27.88
  25-Feb-84     6630    15.18    15.92    31.10
  26-Feb-84     6631    10.98    12.33    23.31
  27-Feb-84     6632    10.72     1.44    12.16
  28-Feb-84     6633     2.01     2.77     4.78
  29-Feb-84     6634     3.10     6.54     9.64
  01-Mar-84     6635     4.32     1.06     5.38
  02-Mar-84     6636     2.43     6.67     9.11
  03-Mar-84     6637     0.00     4.34     4.34
  04-Mar-84     6638     0.00     1.95     1.95
  05-Mar-84     6639     0.00     0.93     0.93
  06-Mar-84     6640     0.00     4.04     4.04
  07-Mar-84     6641     0.00     2.47     2.47
  08-Mar-84     6642     0.00     6.12     6.12
  09-Mar-84     6643     0.00     3.68     3.68
  10-Mar-84     6644     0.00     1.37     1.37
  11-Mar-84     6645     0.00     2.22     2.22
  12-Mar-84     6646     0.00    16.56    16.56
  13-Mar-84     6647     0.00     6.81     6.81
  14-Mar-84     6648     0.00    15.09    15.09
  15-Mar-84     6649     0.79     6.30     7.09
  16-Mar-84     6650     3.29     9.23    12.52
  17-Mar-84     6651     3.60     6.21     9.81
  18-Mar-84     6652     2.99     7.57    10.56
  19-Mar-84     6653     6.86     0.92     7.78
  20-Mar-84     6654     8.21     4.44    12.65
  21-Mar-84     6655    14.56     1.20    15.76
  22-Mar-84     6656     7.72     2.57    10.29
  23-Mar-84     6657     1.40     3.65     5.04
  24-Mar-84     6658     0.67     0.67     1.33
  25-Mar-84     6659     0.00     0.00     0.00
  26-Mar-84     6660     0.16     2.42     2.58
  27-Mar-84     6661     0.00     9.90     9.90
  28-Mar-84     6662     1.46     5.42     6.88
  29-Mar-84     6663     5.25     6.62    11.87
  30-Mar-84     6664     6.46     3.19     9.65
  31-Mar-84     6665     6.17     3.17     9.33
  01-Apr-84     6666     3.77    13.67    17.44
  02-Apr-84     6667     0.72     4.09     4.81
  03-Apr-84     6668     3.31     9.29    12.61
  04-Apr-84     6669     2.16     7.61     9.76
  05-Apr-84     6670     5.75     4.16     9.92
  06-Apr-84     6671     0.42    18.86    19.28
  07-Apr-84     6672     0.94     4.47     5.40
  08-Apr-84     6673     0.47     1.14     1.62
  09-Apr-84     6674     1.64     0.00     1.64
  10-Apr-84     6675     3.03     0.87     3.89
  11-Apr-84     6676     7.22     1.08     8.29
  12-Apr-84     6677     8.31     0.15     8.46
  13-Apr-84     6678     4.78     0.00     4.78
  14-Apr-84     6679     3.21     0.73     3.94
  15-Apr-84     6680     0.90     3.77     4.67
  16-Apr-84     6681     0.00     1.44     1.44
  17-Apr-84     6682     3.33     4.24     7.57
  18-Apr-84     6683     4.32     4.38     8.70
  19-Apr-84     6684     4.49     4.51     9.00
  20-Apr-84     6685    20.60     5.58    26.18
  21-Apr-84     6686     8.91     8.19    17.09
  22-Apr-84     6687     5.86    10.35    16.20
  23-Apr-84     6688     0.00    18.63    18.63
  24-Apr-84     6689     0.00    40.38    40.38
  25-Apr-84     6690     0.00     7.23     7.23
  26-Apr-84     6691     0.00    37.04    37.04
  27-Apr-84     6692     0.00    32.35    32.35
  28-Apr-84     6693     0.00    12.42    12.42
  29-Apr-84     6694     0.00    21.11    21.11
  30-Apr-84     6695     0.00    12.42    12.42
  01-May-84     6696     0.00    13.78    13.78
  02-May-84     6697     0.00     9.98     9.98
  03-May-84     6698     0.00     7.90     7.90
  04-May-84     6699     0.00     1.56     1.56
  05-May-84     6700     8.10     3.60    11.71
  06-May-84     6701     3.60     0.58     4.19
  07-May-84     6702     4.70     0.00     4.70
  08-May-84     6703     3.67     0.00     3.67
  09-May-84     6704     5.19     1.60     6.79
  10-May-84     6705    30.25     7.00    37.25
  11-May-84     6706    11.07     0.63    11.69
  12-May-84     6707    12.29     0.15    12.44
  13-May-84     6708     2.58     0.23     2.81
  14-May-84     6709     6.97     0.96     7.93
  15-May-84     6710     8.95     2.16    11.11
  16-May-84     6711     2.94     2.54     5.48
  17-May-84     6712     5.45     2.82     8.28
  18-May-84     6713     4.08     8.10    12.19
  19-May-84     6714     0.88    11.64    12.52
  20-May-84     6715     0.00    17.92    17.92
  21-May-84     6716     0.88    41.21    42.09
  22-May-84     6717     2.64     8.46    11.10
  23-May-84     6718     0.00    10.57    10.57
  24-May-84     6719     0.00     8.06     8.06
  25-May-84     6720     0.00    17.50    17.50
  26-May-84     6721     0.00    12.42    12.42
  27-May-84     6722     0.00     1.44     1.44
  28-May-84     6723     0.21     2.44     2.65
  29-May-84     6724     0.21    10.73    10.94
  30-May-84     6725     1.15     4.90     6.04
  31-May-84     6726     1.28     7.43     8.72
  01-Jun-84     6727     4.77     2.00     6.77
  02-Jun-84     6728     0.00     0.76     0.76
  03-Jun-84     6729     1.57     4.32     5.90
  04-Jun-84     6730     0.00     0.70     0.70
  05-Jun-84     6731     0.55     2.55     3.10
  06-Jun-84     6732     0.00     0.00     0.00
  07-Jun-84     6733     0.00     0.74     0.74
  08-Jun-84     6734     2.32     4.85     7.16
  09-Jun-84     6735     4.33     0.23     4.56
  10-Jun-84     6736     0.00     0.31     0.31
  11-Jun-84     6737     0.94     0.92     1.85
  12-Jun-84     6738     0.00     4.94     4.94
  13-Jun-84     6739     0.00     1.20     1.20
  14-Jun-84     6740     0.00    12.07    12.07
  15-Jun-84     6741     0.00     7.08     7.08
  16-Jun-84     6742     0.00     4.52     4.52
  17-Jun-84     6743     0.00     2.98     2.98
  18-Jun-84     6744     0.00     0.00     0.00
  19-Jun-84     6745     0.00     1.67     1.67
  20-Jun-84     6746     0.00     1.68     1.68
  21-Jun-84     6747     0.63     4.35     4.98
  22-Jun-84     6748     0.00     8.34     8.34
  23-Jun-84     6749     0.00    11.42    11.42
  24-Jun-84     6750     0.00     0.36     0.36
  25-Jun-84     6751     0.00     1.94     1.94
  26-Jun-84     6752     0.15     1.42     1.56
  27-Jun-84     6753     0.57     0.07     0.64
  28-Jun-84     6754     1.22     0.31     1.53
  29-Jun-84     6755     2.83     0.00     2.83
  30-Jun-84     6756     5.85     1.38     7.23
  01-Jul-84     6757     0.00     0.00     0.00
  02-Jul-84     6758     0.67     0.00     0.67
  03-Jul-84     6759     0.38     0.10     0.48
  04-Jul-84     6760     0.36     9.02     9.37
  05-Jul-84     6761     1.60     0.33     1.93
  06-Jul-84     6762     1.42     0.47     1.90
  07-Jul-84     6763     2.27     1.93     4.20
  08-Jul-84     6764     0.40     7.69     8.08
  09-Jul-84     6765     0.28     0.33     0.61
  10-Jul-84     6766     0.00     4.06     4.06
  11-Jul-84     6767     0.00     3.38     3.38
  12-Jul-84     6768     0.00     1.79     1.79
  13-Jul-84     6769     0.00     4.30     4.30
  14-Jul-84     6770     0.00     1.31     1.31
  15-Jul-84     6771     0.00     0.73     0.73
  16-Jul-84     6772     0.00     4.87     4.87
  17-Jul-84     6773     0.72     3.63     4.35
  18-Jul-84     6774     0.00     2.75     2.75
  19-Jul-84     6775     3.19     1.00     4.19
  20-Jul-84     6776     5.64     3.80     9.44
  21-Jul-84     6777     0.00     0.65     0.65
  22-Jul-84     6778     1.10     0.81     1.91
  23-Jul-84     6779     0.29     0.79     1.08
  24-Jul-84     6780     0.00     0.00     0.00
  25-Jul-84     6781     0.00     0.00     0.00
  26-Jul-84     6782     0.00     0.00     0.00
  27-Jul-84     6783     0.58     0.21     0.79
  28-Jul-84     6784     0.00     0.54     0.54
  29-Jul-84     6785     0.00     0.00     0.00
  30-Jul-84     6786     0.00     1.96     1.96
  31-Jul-84     6787     0.00     1.03     1.03
  01-Aug-84     6788     0.00     0.35     0.35
  02-Aug-84     6789     0.00     0.36     0.36
  03-Aug-84     6790     0.44     0.78     1.22
  04-Aug-84     6791     0.00     1.04     1.04
  05-Aug-84     6792     2.39     0.00     2.39
  06-Aug-84     6793     0.44     0.63     1.06
  07-Aug-84     6794     5.58     0.43     6.01
  08-Aug-84     6795     0.23     0.11     0.34
  09-Aug-84     6796     0.00     0.00     0.00
  10-Aug-84     6797     0.19     0.00     0.19
  11-Aug-84     6798     2.49     0.00     2.49
  12-Aug-84     6799     0.71     0.00     0.71
  13-Aug-84     6800     0.00     0.00     0.00
  14-Aug-84     6801     3.18     0.00     3.18
  15-Aug-84     6802     0.78     0.00     0.78
  16-Aug-84     6803     0.28     0.00     0.28
  17-Aug-84     6804     6.81     0.13     6.94
  18-Aug-84     6805     8.38     0.00     8.38
  19-Aug-84     6806     1.42     0.00     1.42
  20-Aug-84     6807     0.00     0.00     0.00
  21-Aug-84     6808     1.31     0.00     1.31
  22-Aug-84     6809     0.33     0.00     0.33
  23-Aug-84     6810     0.00     0.00     0.00
  24-Aug-84     6811     0.00     4.92     4.92
  25-Aug-84     6812     0.00     5.09     5.09
  26-Aug-84     6813     0.09    14.02    14.11
  27-Aug-84     6814     0.00     6.42     6.42
  28-Aug-84     6815     0.00     5.38     5.38
  29-Aug-84     6816     0.00     3.13     3.13
  30-Aug-84     6817     1.47     0.36     1.83
  31-Aug-84     6818     1.77     3.54     5.31
  01-Sep-84     6819     0.00     0.71     0.71
  02-Sep-84     6820     0.52     3.50     4.02
  03-Sep-84     6821     0.27     4.69     4.96
  04-Sep-84     6822     0.83     4.42     5.25
  05-Sep-84     6823     0.21     2.42     2.63
  06-Sep-84     6824     5.15     0.61     5.75
  07-Sep-84     6825     4.85     0.44     5.29
  08-Sep-84     6826     1.50     1.88     3.38
  09-Sep-84     6827     0.00     0.00     0.00
  10-Sep-84     6828     0.00     0.00     0.00
  11-Sep-84     6829     0.00     0.00     0.00
  12-Sep-84     6830     0.00     0.00     0.00
  13-Sep-84     6831     0.00     0.00     0.00
  14-Sep-84     6832     0.00     0.00     0.00
  15-Sep-84     6833     0.00     0.00     0.00
  16-Sep-84     6834     0.00     0.00     0.00
  17-Sep-84     6835     0.00     0.00     0.00
  18-Sep-84     6836     0.08     0.59     0.68
  19-Sep-84     6837     0.00     0.00     0.00
  20-Sep-84     6838     0.00     0.00     0.00
  21-Sep-84     6839     0.00     0.65     0.65
  22-Sep-84     6840     0.00     0.00     0.00
  23-Sep-84     6841     0.13     0.00     0.13
  24-Sep-84     6842     0.00     0.00     0.00
  25-Sep-84     6843     0.00     0.00     0.00
  26-Sep-84     6844     0.00     0.00     0.00
  27-Sep-84     6845     0.00     0.15     0.15
  28-Sep-84     6846     0.00     0.00     0.00
  29-Sep-84     6847     0.00     0.00     0.00
  30-Sep-84     6848     0.00     0.00     0.00
  01-Oct-84     6849     0.00     0.00     0.00
  02-Oct-84     6850     0.00     0.00     0.00
  03-Oct-84     6851     0.00     0.00     0.00
  04-Oct-84     6852     0.00     0.00     0.00
  05-Oct-84     6853     0.00     1.24     1.24
  06-Oct-84     6854     0.00     0.88     0.88
  07-Oct-84     6855     0.00     0.00     0.00
  08-Oct-84     6856     0.00     0.00     0.00
  09-Oct-84     6857     0.00     0.00     0.00
  10-Oct-84     6858     0.00     0.00     0.00
  11-Oct-84     6859     0.00     0.00     0.00
  12-Oct-84     6860     0.00     2.85     2.85
  13-Oct-84     6861     0.04     0.83     0.87
  14-Oct-84     6862     0.00     0.69     0.69
  15-Oct-84     6863     1.57     0.00     1.57
  16-Oct-84     6864     0.75     0.00     0.75
  17-Oct-84     6865     1.78     0.00     1.78
  18-Oct-84     6866     0.15     0.00     0.15
  19-Oct-84     6867     0.31     0.00     0.31
  20-Oct-84     6868     0.00     0.00     0.00
  21-Oct-84     6869     0.89     0.00     0.89
  22-Oct-84     6870     0.77     0.00     0.77
  23-Oct-84     6871     0.00     0.00     0.00
  24-Oct-84     6872     0.48     0.00     0.48
  25-Oct-84     6873     0.00     0.00     0.00
  26-Oct-84     6874     0.00     0.00     0.00
  27-Oct-84     6875     0.00     0.00     0.00
  28-Oct-84     6876     0.00     0.00     0.00
  29-Oct-84     6877     0.00     0.00     0.00
  30-Oct-84     6878     0.00     0.00     0.00
  31-Oct-84     6879     0.00     0.00     0.00
  01-Nov-84     6880     0.00     0.00        0
  02-Nov-84     6881     0.00     0.59 0.588235
  03-Nov-84     6882     0.00     0.40 0.395833
  04-Nov-84     6883     0.00     0.41 0.412621
  05-Nov-84     6884     0.00     0.00        0
  06-Nov-84     6885     0.00     0.00        0
  07-Nov-84     6886     0.00     0.24 0.244444
  08-Nov-84     6887     0.00     0.00        0
  09-Nov-84     6888     2.06     0.00   2.0625
  10-Nov-84     6889     8.00     0.00        8
  11-Nov-84     6890     2.83     0.00 2.833333
  12-Nov-84     6891     3.58     0.00 3.583691
  13-Nov-84     6892    15.95     0.00 15.94936
  14-Nov-84     6893     0.00     0.00        0
  15-Nov-84     6894     0.00     0.00        0
  16-Nov-84     6895     0.00     0.00        0
  17-Nov-84     6896     0.77     1.03 1.794871
  18-Nov-84     6897     0.22     0.00 0.216450
  19-Nov-84     6898     0.00     0.00        0
  20-Nov-84     6899     0.00     0.00        0
  21-Nov-84     6900     0.32     1.27 1.582278
  22-Nov-84     6901     0.37     2.96 3.325688
  23-Nov-84     6902     0.00     0.71 0.707547
  24-Nov-84     6903     0.00     3.69 3.689320
  25-Nov-84     6904     0.00     5.92 5.920502
  26-Nov-84     6905     0.00     6.22 6.216814
  27-Nov-84     6906     0.00    12.58 12.58333
  28-Nov-84     6907     0.00    10.98 10.97916
  29-Nov-84     6908     0.00     0.63    0.625
  30-Nov-84     6909     0.13     1.05 1.171548
  01-Dec-84     6910     1.30     0.24     1.54
  02-Dec-84     6911     0.57     0.86     1.43
  03-Dec-84     6912     0.00     0.00     0.00
  04-Dec-84     6913     1.42     0.39     1.81
  05-Dec-84     6914     1.48     0.00     1.48
  06-Dec-84     6915     0.25     2.18     2.44
  07-Dec-84     6916     0.00     1.63     1.63
  08-Dec-84     6917     0.00     6.88     6.88
  09-Dec-84     6918     0.00     0.10     0.10
  10-Dec-84     6919     1.31     2.27     3.58
  11-Dec-84     6920     0.50    13.70    14.20
  12-Dec-84     6921     0.00     0.69     0.69
  13-Dec-84     6922     0.00     0.00     0.00
  14-Dec-84     6923     0.00     0.25     0.25
  15-Dec-84     6924     3.34     0.00     3.34
  16-Dec-84     6925     2.78     0.00     2.78
  17-Dec-84     6926     2.48     0.00     2.48
  18-Dec-84     6927     0.00     0.00     0.00
  19-Dec-84     6928     0.00     0.24     0.24
  20-Dec-84     6929     0.00    10.79    10.79
  21-Dec-84     6930     0.00     0.93     0.93
  22-Dec-84     6931     0.00     0.00     0.00
  23-Dec-84     6932     0.00     5.29     5.29
  24-Dec-84     6933     0.00     0.00     0.00
  25-Dec-84     6934     0.00     0.22     0.22
  26-Dec-84     6935     0.00     0.00     0.00
  27-Dec-84     6936     0.00     0.18     0.18
  28-Dec-84     6937     0.00     0.00     0.00
  29-Dec-84     6938     0.00     0.00     0.00
  30-Dec-84     6939     0.00     0.14     0.14
  31-Dec-84     6940     0.00     0.00     0.00