
            DAILY SOLAR FLARE INDEX
           01 JAN 2004 - 31 DEC 2004
________________________________________________

 TIME (DAY)            NORTH    SOUTH    TOTAL
================================================
01-Jan-2004    13880     0.00     0.45     0.45
02-Jan-2004    13881     0.00     0.37     0.37
03-Jan-2004    13882     0.00     0.43     0.43
04-Jan-2004    13883     0.00     1.20     1.20
05-Jan-2004    13884     0.00     1.65     1.65
06-Jan-2004    13885     0.00     0.18     0.18
07-Jan-2004    13886     2.36     0.00     2.36
08-Jan-2004    13887     4.72     0.00     4.72
09-Jan-2004    13888     1.47     0.44     1.90
10-Jan-2004    13889     0.23     3.12     3.36
11-Jan-2004    13890     0.09     0.44     0.53
12-Jan-2004    13891     0.00     0.70     0.70
13-Jan-2004    13892     0.45     0.24     0.68
14-Jan-2004    13893     0.00     0.00     0.00
15-Jan-2004    13894     0.00     1.42     1.42
16-Jan-2004    13895     0.33     0.00     0.33
17-Jan-2004    13896     0.39     1.90     2.29
18-Jan-2004    13897     0.17     0.79     0.97
19-Jan-2004    13898     0.00     4.00     4.00
20-Jan-2004    13899     0.00     4.77     4.77
21-Jan-2004    13900     0.00     0.91     0.91
22-Jan-2004    13901     0.00     0.00     0.00
23-Jan-2004    13902     0.00     0.00     0.00
24-Jan-2004    13903     0.00     0.00     0.00
25-Jan-2004    13904     0.87     0.63     1.51
26-Jan-2004    13905     0.00     0.00     0.00
27-Jan-2004    13906     0.00     0.00     0.00
28-Jan-2004    13907     0.00     0.00     0.00
29-Jan-2004    13908     0.00     0.00     0.00
30-Jan-2004    13909     0.00     0.00     0.00
31-Jan-2004    13910     0.00     0.00     0.00
01-Feb-2004    13911     0.39     0.00     0.39
02-Feb-2004    13912     0.00     0.00     0.00
03-Feb-2004    13913     0.16     0.33     0.49
04-Feb-2004    13914     0.00     2.56     2.56
05-Feb-2004    13915     0.36     0.71     1.07
06-Feb-2004    13916     0.00     0.00     0.00
07-Feb-2004    13917     0.00     0.00     0.00
08-Feb-2004    13918     0.00     0.95     0.95
09-Feb-2004    13919     0.00     2.05     2.05
10-Feb-2004    13920     0.00     0.00     0.00
11-Feb-2004    13921     0.00     0.00     0.00
12-Feb-2004    13922     0.00     0.00     0.00
13-Feb-2004    13923     0.00     0.00     0.00
14-Feb-2004    13924     0.04     0.00     0.04
15-Feb-2004    13925     0.00     0.00     0.00
16-Feb-2004    13926     0.14     0.00     0.14
17-Feb-2004    13927     0.00     0.00     0.00
18-Feb-2004    13928     0.00     0.00     0.00
19-Feb-2004    13929     0.00     0.00     0.00
20-Feb-2004    13930     0.00     0.00     0.00
21-Feb-2004    13931     0.00     0.00     0.00
22-Feb-2004    13932     4.53     0.00     4.53
23-Feb-2004    13933     0.00     0.00     0.00
24-Feb-2004    13934     0.31     0.00     0.31
25-Feb-2004    13935     3.28     0.11     3.39
26-Feb-2004    13936     9.83     0.00     9.83
27-Feb-2004    13937     0.00     0.00     0.00
28-Feb-2004    13938     0.00     0.00     0.00
29-Feb-2004    13939     0.00     0.00     0.00
01-Mar-2004    13940     0.00     0.00     0.00
02-Mar-2004    13941     0.00     0.00     0.00
03-Mar-2004    13942     0.00     0.00     0.00
04-Mar-2004    13943     0.00     0.38     0.38
05-Mar-2004    13944     0.00     0.12     0.12
06-Mar-2004    13945     0.00     0.23     0.23
07-Mar-2004    13946     0.00     0.00     0.00
08-Mar-2004    13947     0.00     0.00     0.00
09-Mar-2004    13948     0.00     0.66     0.66
10-Mar-2004    13949     0.00     0.12     0.12
11-Mar-2004    13950     0.00     2.39     2.39
12-Mar-2004    13951     0.00     1.10     1.10
13-Mar-2004    13952     0.00     0.29     0.29
14-Mar-2004    13953     0.00     0.00     0.00
15-Mar-2004    13954     0.00     0.00     0.00
16-Mar-2004    13955     0.00     0.00     0.00
17-Mar-2004    13956     0.14     1.45     1.59
18-Mar-2004    13957     1.50     1.55     3.05
19-Mar-2004    13958     0.85     0.85     1.70
20-Mar-2004    13959     0.12     0.00     0.12
21-Mar-2004    13960     0.85     0.00     0.85
22-Mar-2004    13961     0.00     4.01     4.01
23-Mar-2004    13962     0.39     1.08     1.47
24-Mar-2004    13963     1.22     0.00     1.22
25-Mar-2004    13964     2.63     0.00     2.63
26-Mar-2004    13965     0.00     0.00     0.00
27-Mar-2004    13966     0.12     0.00     0.12
28-Mar-2004    13967     0.00     0.59     0.59
29-Mar-2004    13968     2.19     0.00     2.19
30-Mar-2004    13969     3.04     2.96     6.00
31-Mar-2004    13970     9.42     0.00     9.42
01-Apr-2004    13971     0.00     0.00     0.00
02-Apr-2004    13972     0.00     0.00     0.00
03-Apr-2004    13973     0.00     0.27     0.27
04-Apr-2004    13974     0.00     0.00     0.00
05-Apr-2004    13975     0.00     4.86     4.86
06-Apr-2004    13976     0.00     4.43     4.43
07-Apr-2004    13977     0.00     0.00     0.00
08-Apr-2004    13978     0.00     4.34     4.34
09-Apr-2004    13979     0.00     1.27     1.27
10-Apr-2004    13980     0.74     0.00     0.74
11-Apr-2004    13981     0.00     5.86     5.86
12-Apr-2004    13982     0.00     0.34     0.34
13-Apr-2004    13983     0.00     0.00     0.00
14-Apr-2004    13984     0.00     0.09     0.09
15-Apr-2004    13985     0.00     0.44     0.44
16-Apr-2004    13986     0.00     0.00     0.00
17-Apr-2004    13987     0.00     0.00     0.00
18-Apr-2004    13988     0.00     0.00     0.00
19-Apr-2004    13989     0.00     0.31     0.31
20-Apr-2004    13990     0.00     0.99     0.99
21-Apr-2004    13991     0.00     2.19     2.19
22-Apr-2004    13992     0.00    10.63    10.63
23-Apr-2004    13993     0.00     2.69     2.69
24-Apr-2004    13994    13.68     0.16    13.83
25-Apr-2004    13995     6.14     0.00     6.14
26-Apr-2004    13996     0.85     0.00     0.85
27-Apr-2004    13997     3.58     0.00     3.58
28-Apr-2004    13998     0.00     0.00     0.00
29-Apr-2004    13999     0.00     0.00     0.00
30-Apr-2004    14000     0.00     0.42     0.42
01-May-2004    14001     0.00     0.39     0.39
02-May-2004    14002     0.00     1.24     1.24
03-May-2004    14003     0.00     0.00     0.00
04-May-2004    14004     0.00     0.00     0.00
05-May-2004    14005     0.00     0.00     0.00
06-May-2004    14006     0.00     0.00     0.00
07-May-2004    14007     0.00     0.23     0.23
08-May-2004    14008     0.00     0.00     0.00
09-May-2004    14009     0.00     0.00     0.00
10-May-2004    14010     0.00     0.00     0.00
11-May-2004    14011     0.00     0.00     0.00
12-May-2004    14012     0.00     0.17     0.17
13-May-2004    14013     0.00     2.09     2.09
14-May-2004    14014     0.00     0.00     0.00
15-May-2004    14015     0.00     0.00     0.00
16-May-2004    14016     0.00     0.00     0.00
17-May-2004    14017     0.00     0.78     0.78
18-May-2004    14018     1.83     0.16     1.99
19-May-2004    14019     0.16     0.16     0.32
20-May-2004    14020     0.00     0.00     0.00
21-May-2004    14021     0.00     1.21     1.21
22-May-2004    14022     0.00     0.41     0.41
23-May-2004    14023     0.00     1.75     1.75
24-May-2004    14024     0.22     0.00     0.22
25-May-2004    14025     0.00     0.00     0.00
26-May-2004    14026     0.00     0.92     0.92
27-May-2004    14027     0.00     0.58     0.58
28-May-2004    14028     0.00     0.25     0.25
29-May-2004    14029     0.00     0.00     0.00
30-May-2004    14030     0.00     0.00     0.00
31-May-2004    14031     0.00     0.63     0.63
01-Jun-2004    14032     0.00     0.00     0.00
02-Jun-2004    14033     0.00     0.00     0.00
03-Jun-2004    14034     0.00     0.00     0.00
04-Jun-2004    14035     0.00     0.00     0.00
05-Jun-2004    14036     0.00     0.00     0.00
06-Jun-2004    14037     0.00     0.00     0.00
07-Jun-2004    14038     0.00     1.11     1.11
08-Jun-2004    14039     0.00     0.20     0.20
09-Jun-2004    14040     0.00     0.00     0.00
10-Jun-2004    14041     0.00     0.00     0.00
11-Jun-2004    14042     0.00     0.00     0.00
12-Jun-2004    14043     0.00     0.00     0.00
13-Jun-2004    14044     0.00     0.00     0.00
14-Jun-2004    14045     0.00     0.00     0.00
15-Jun-2004    14046     0.41     0.00     0.41
16-Jun-2004    14047     0.00     0.00     0.00
17-Jun-2004    14048     0.45     0.00     0.45
18-Jun-2004    14049     0.81     0.00     0.81
19-Jun-2004    14050     0.00     1.54     1.54
20-Jun-2004    14051     0.00     0.96     0.96
21-Jun-2004    14052     0.00     0.56     0.56
22-Jun-2004    14053     0.00     1.08     1.08
23-Jun-2004    14054     0.00     2.04     2.04
24-Jun-2004    14055     0.00     1.15     1.15
25-Jun-2004    14056     0.15     0.00     0.15
26-Jun-2004    14057     0.00     2.04     2.04
27-Jun-2004    14058     0.00     0.00     0.00
28-Jun-2004    14059     0.00     0.00     0.00
29-Jun-2004    14060     0.00     0.00     0.00
30-Jun-2004    14061     0.00     0.68     0.68
01-Jul-2004    14062     0.00     0.00     0.00
02-Jul-2004    14063     0.00     0.00     0.00
03-Jul-2004    14064     0.00     0.00     0.00
04-Jul-2004    14065     0.00     0.00     0.00
05-Jul-2004    14066     0.10     0.00     0.10
06-Jul-2004    14067     0.35     0.00     0.35
07-Jul-2004    14068     0.32     0.00     0.32
08-Jul-2004    14069     0.00     0.27     0.27
09-Jul-2004    14070     0.00     0.00     0.00
10-Jul-2004    14071     0.00     0.00     0.00
11-Jul-2004    14072     0.00     0.00     0.00
12-Jul-2004    14073     0.69     0.00     0.69
13-Jul-2004    14074     5.91     0.75     6.66
14-Jul-2004    14075     1.94     0.84     2.77
15-Jul-2004    14076     0.29     0.00     0.29
16-Jul-2004    14077     0.52    19.72    20.23
17-Jul-2004    14078     0.39     7.19     7.58
18-Jul-2004    14079     0.64     5.97     6.61
19-Jul-2004    14080     0.81     1.45     2.26
20-Jul-2004    14081    12.53     0.41    12.94
21-Jul-2004    14082     0.39     0.96     1.36
22-Jul-2004    14083    13.59     0.00    13.59
23-Jul-2004    14084     1.91     0.00     1.91
24-Jul-2004    14085     2.81     0.00     2.81
25-Jul-2004    14086    44.92     0.00    44.92
26-Jul-2004    14087    19.31     0.00    19.31
27-Jul-2004    14088     6.58     0.00     6.58
28-Jul-2004    14089     1.70     0.00     1.70
29-Jul-2004    14090     0.30     0.00     0.30
30-Jul-2004    14091     0.00     0.00     0.00
31-Jul-2004    14092     0.00     0.00     0.00
01-Aug-2004    14093     0.00     0.00     0.00
02-Aug-2004    14094     0.00     0.82     0.82
03-Aug-2004    14095     0.00     0.44     0.44
04-Aug-2004    14096     0.00     0.00     0.00
05-Aug-2004    14097     0.00     0.00     0.00
06-Aug-2004    14098     0.00     0.00     0.00
07-Aug-2004    14099     0.00     0.00     0.00
08-Aug-2004    14100     0.00     0.90     0.90
09-Aug-2004    14101     0.00     4.81     4.81
10-Aug-2004    14102     0.00     0.29     0.29
11-Aug-2004    14103     0.00     4.56     4.56
12-Aug-2004    14104     0.00     4.93     4.93
13-Aug-2004    14105     0.00     4.07     4.07
14-Aug-2004    14106     0.00    18.01    18.01
15-Aug-2004    14107     0.00     6.30     6.30
16-Aug-2004    14108     0.00     5.97     5.97
17-Aug-2004    14109     0.10     1.16     1.26
18-Aug-2004    14110     0.77     0.68     1.45
19-Aug-2004    14111     0.12     0.00     0.12
20-Aug-2004    14112     0.00     0.98     0.98
21-Aug-2004    14113     0.81     0.00     0.81
22-Aug-2004    14114     0.00     0.00     0.00
23-Aug-2004    14115     0.00     0.00     0.00
24-Aug-2004    14116     0.00     0.00     0.00
25-Aug-2004    14117     0.00     0.00     0.00
26-Aug-2004    14118     0.21     0.00     0.21
27-Aug-2004    14119     0.00     0.00     0.00
28-Aug-2004    14120     0.00     0.00     0.00
29-Aug-2004    14121     0.00     0.00     0.00
30-Aug-2004    14122     0.14     0.00     0.14
31-Aug-2004    14123     0.14     0.00     0.14
01-Sep-2004    14124     0.00     0.00     0.00
02-Sep-2004    14125     0.00     0.00     0.00
03-Sep-2004    14126     0.00     0.00     0.00
04-Sep-2004    14127     0.00     0.00     0.00
05-Sep-2004    14128     0.00     0.00     0.00
06-Sep-2004    14129     0.00     0.00     0.00
07-Sep-2004    14130     0.00     0.21     0.21
08-Sep-2004    14131     0.00     0.17     0.17
09-Sep-2004    14132     0.00     0.40     0.40
10-Sep-2004    14133     0.17     0.00     0.17
11-Sep-2004    14134     0.00     0.00     0.00
12-Sep-2004    14135     5.08     9.40    14.48
13-Sep-2004    14136     0.11     0.00     0.11
14-Sep-2004    14137     6.23     0.00     6.23
15-Sep-2004    14138     0.33     0.31     0.65
16-Sep-2004    14139     0.22     0.12     0.34
17-Sep-2004    14140     0.00     0.00     0.00
18-Sep-2004    14141     0.70     1.94     2.64
19-Sep-2004    14142     2.34     0.00     2.34
20-Sep-2004    14143     0.00     0.00     0.00
21-Sep-2004    14144     0.25     0.17     0.42
22-Sep-2004    14145     0.22     1.59     1.81
23-Sep-2004    14146     0.00     0.00     0.00
24-Sep-2004    14147     0.00     0.00     0.00
25-Sep-2004    14148     0.00     0.00     0.00
26-Sep-2004    14149     0.00     0.00     0.00
27-Sep-2004    14150     0.00     0.00     0.00
28-Sep-2004    14151     0.00     0.00     0.00
29-Sep-2004    14152     0.00     0.00     0.00
30-Sep-2004    14153     0.00     0.00     0.00
01-Oct-2004    14154     0.00     0.00     0.00
02-Oct-2004    14155     0.00     0.00     0.00
03-Oct-2004    14156     0.00     0.00     0.00
04-Oct-2004    14157     0.00     0.00     0.00
05-Oct-2004    14158     0.00     0.00     0.00
06-Oct-2004    14159     0.00     0.00     0.00
07-Oct-2004    14160     0.00     0.00     0.00
08-Oct-2004    14161     2.26     0.00     2.26
09-Oct-2004    14162     0.00     0.00     0.00
10-Oct-2004    14163     0.00     0.00     0.00
11-Oct-2004    14164     0.00     0.00     0.00
12-Oct-2004    14165     0.00     0.00     0.00
13-Oct-2004    14166     0.00     0.00     0.00
14-Oct-2004    14167     0.00     0.00     0.00
15-Oct-2004    14168     0.00     0.00     0.00
16-Oct-2004    14169     0.00     0.00     0.00
17-Oct-2004    14170     0.00     0.00     0.00
18-Oct-2004    14171     0.00     0.00     0.00
19-Oct-2004    14172     0.00     0.00     0.00
20-Oct-2004    14173     0.55     0.37     0.92
21-Oct-2004    14174     1.71     0.67     2.38
22-Oct-2004    14175     1.76     0.12     1.89
23-Oct-2004    14176     1.75     0.19     1.94
24-Oct-2004    14177     4.82     0.00     4.82
25-Oct-2004    14178     5.75     0.00     5.75
26-Oct-2004    14179     0.26     0.00     0.26
27-Oct-2004    14180     0.16     0.00     0.16
28-Oct-2004    14181     0.97     1.04     2.01
29-Oct-2004    14182     0.17     0.61     0.78
30-Oct-2004    14183     4.04     0.00     4.04
31-Oct-2004    14184     2.04     0.00     2.04
01-Nov-2004    14185     1.02     0.00     1.02
02-Nov-2004    14186     0.28     0.24     0.52
03-Nov-2004    14187     7.41     0.20     7.61
04-Nov-2004    14188     3.14     0.00     3.14
05-Nov-2004    14189     5.50     0.00     5.50
06-Nov-2004    14190    20.64     0.00    20.64
07-Nov-2004    14191     3.33     0.00     3.33
08-Nov-2004    14192     3.87     0.52     4.38
09-Nov-2004    14193     8.39     0.09     8.48
10-Nov-2004    14194    37.28     0.44    37.72
11-Nov-2004    14195     0.26     0.00     0.26
12-Nov-2004    14196     0.00     0.00     0.00
13-Nov-2004    14197     0.00     0.00     0.00
14-Nov-2004    14198     0.00     0.00     0.00
15-Nov-2004    14199     0.00     0.00     0.00
16-Nov-2004    14200     0.60     0.00     0.60
17-Nov-2004    14201     0.28     1.61     1.89
18-Nov-2004    14202     0.00     0.00     0.00
19-Nov-2004    14203     0.00     0.00     0.00
20-Nov-2004    14204     0.00     0.00     0.00
21-Nov-2004    14205     0.00     0.00     0.00
22-Nov-2004    14206     0.00     0.00     0.00
23-Nov-2004    14207     0.00     0.00     0.00
24-Nov-2004    14208     0.00     0.83     0.83
25-Nov-2004    14209     0.00     0.00     0.00
26-Nov-2004    14210     0.00     0.00     0.00
27-Nov-2004    14211     0.00     0.59     0.59
28-Nov-2004    14212     0.00     0.00     0.00
29-Nov-2004    14213     0.00     0.59     0.59
30-Nov-2004    14214     1.88     0.12     2.00
01-Dec-2004    14215     3.46     3.55     7.00
02-Dec-2004    14216     3.31     0.00     3.31
03-Dec-2004    14217     0.00     0.00     0.00
04-Dec-2004    14218     0.00     0.00     0.00
05-Dec-2004    14219     0.00     0.00     0.00
06-Dec-2004    14220     0.00     0.00     0.00
07-Dec-2004    14221     0.00     0.00     0.00
08-Dec-2004    14222     0.70     0.00     0.70
09-Dec-2004    14223     0.00     0.23     0.23
10-Dec-2004    14224     0.00     0.00     0.00
11-Dec-2004    14225     0.00     0.00     0.00
12-Dec-2004    14226     0.00     0.00     0.00
13-Dec-2004    14227     0.00     0.00     0.00
14-Dec-2004    14228     0.00     0.00     0.00
15-Dec-2004    14229     0.00     0.00     0.00
16-Dec-2004    14230     0.00     0.00     0.00
17-Dec-2004    14231     0.00     0.00     0.00
18-Dec-2004    14232     0.00     0.00     0.00
19-Dec-2004    14233     0.00     0.00     0.00
20-Dec-2004    14234     0.00     0.00     0.00
21-Dec-2004    14235     0.00     0.00     0.00
22-Dec-2004    14236     0.00     1.07     1.07
23-Dec-2004    14237     0.00     0.57     0.57
24-Dec-2004    14238     0.00     0.00     0.00
25-Dec-2004    14239     0.00     0.00     0.00
26-Dec-2004    14240     0.00     0.00     0.00
27-Dec-2004    14241     0.00     1.25     1.25
28-Dec-2004    14242     0.06     0.86     0.92
29-Dec-2004    14243     0.15     0.11     0.26
30-Dec-2004    14244     6.62     0.00     6.62
31-Dec-2004    14245     3.73     0.00     3.73