
            DAILY SOLAR FLARE INDEX
           01 JAN 2002 - 31 DEC 2002
________________________________________________

 TIME (DAY)            NORTH    SOUTH    TOTAL
================================================
01-Jan-2002    13150     0.06     0.15     0.21
02-Jan-2002    13151     4.84     4.90     9.74
03-Jan-2002    13152     1.28     5.02     6.30
04-Jan-2002    13153     3.84     1.67     5.50
05-Jan-2002    13154     5.11     4.36     9.47
06-Jan-2002    13155     1.52     2.49     4.00
07-Jan-2002    13156     2.27     0.77     3.04
08-Jan-2002    13157     1.88     2.65     4.52
09-Jan-2002    13158    19.14     1.40    20.55
10-Jan-2002    13159     5.06     2.21     7.27
11-Jan-2002    13160     2.31     1.10     3.42
12-Jan-2002    13161     2.60     4.71     7.31
13-Jan-2002    13162     4.02     1.96     5.98
14-Jan-2002    13163     8.35     1.80    10.15
15-Jan-2002    13164     0.62     2.29     2.90
16-Jan-2002    13165     1.47     2.53     4.00
17-Jan-2002    13166     0.00     0.79     0.79
18-Jan-2002    13167     0.27     0.00     0.27
19-Jan-2002    13168     0.09     0.31     0.39
20-Jan-2002    13169     1.00     1.06     2.06
21-Jan-2002    13170     1.25     0.25     1.50
22-Jan-2002    13171     0.60     1.81     2.41
23-Jan-2002    13172     0.61     0.61     1.21
24-Jan-2002    13173     0.96     0.30     1.27
25-Jan-2002    13174     1.25     0.19     1.44
26-Jan-2002    13175     2.70     0.08     2.78
27-Jan-2002    13176     0.10     0.37     0.47
28-Jan-2002    13177     0.67     0.89     1.55
29-Jan-2002    13178     4.65     0.82     5.48
30-Jan-2002    13179     0.00     0.55     0.55
31-Jan-2002    13180     1.61     0.59     2.20
01-Feb-2002    13181     0.52     0.26     0.79
02-Feb-2002    13182     0.00     0.63     0.63
03-Feb-2002    13183     0.20     1.40     1.59
04-Feb-2002    13184     0.00     7.79     7.79
05-Feb-2002    13185     1.07     3.45     4.53
06-Feb-2002    13186     0.39     3.82     4.22
07-Feb-2002    13187     0.00     0.53     0.53
08-Feb-2002    13188     0.00     0.00     0.00
09-Feb-2002    13189     0.65     0.69     1.33
10-Feb-2002    13190     1.60     7.02     8.63
11-Feb-2002    13191     1.15     2.29     3.44
12-Feb-2002    13192     6.90     2.79     9.69
13-Feb-2002    13193     9.08     0.00     9.08
14-Feb-2002    13194     2.00     0.13     2.12
15-Feb-2002    13195     2.69     0.33     3.02
16-Feb-2002    13196     0.00     0.81     0.81
17-Feb-2002    13197     0.00     3.20     3.20
18-Feb-2002    13198     0.15     3.92     4.07
19-Feb-2002    13199     0.27     0.76     1.03
20-Feb-2002    13200     2.59     6.62     9.22
21-Feb-2002    13201     0.18     9.18     9.36
22-Feb-2002    13202     0.66     1.27     1.93
23-Feb-2002    13203     0.00     4.21     4.21
24-Feb-2002    13204     2.07     2.41     4.48
25-Feb-2002    13205     0.24     7.89     8.13
26-Feb-2002    13206     1.17     0.76     1.93
27-Feb-2002    13207     0.64     1.42     2.07
28-Feb-2002    13208     2.24     0.60     2.84
01-Mar-2002    13209     5.49     2.53     8.02
02-Mar-2002    13210     0.55     0.41     0.96
03-Mar-2002    13211     0.00     0.00     0.00
04-Mar-2002    13212     0.30     0.00     0.30
05-Mar-2002    13213     0.00     0.00     0.00
06-Mar-2002    13214     0.00     0.00     0.00
07-Mar-2002    13215     0.13     0.00     0.13
08-Mar-2002    13216     0.00     0.40     0.40
09-Mar-2002    13217     3.52     6.58    10.11
10-Mar-2002    13218     0.49     0.34     0.83
11-Mar-2002    13219     0.00     0.00     0.00
12-Mar-2002    13220     0.00     1.29     1.29
13-Mar-2002    13221     0.00     2.08     2.08
14-Mar-2002    13222     0.43     6.99     7.41
15-Mar-2002    13223     0.00     7.87     7.87
16-Mar-2002    13224     1.88     1.18     3.07
17-Mar-2002    13225     0.11     1.96     2.07
18-Mar-2002    13226     0.00     4.00     4.00
19-Mar-2002    13227     0.00    10.52    10.52
20-Mar-2002    13228     0.00     2.92     2.92
21-Mar-2002    13229     0.19     2.15     2.33
22-Mar-2002    13230     0.00     0.61     0.61
23-Mar-2002    13231     0.47     2.20     2.66
24-Mar-2002    13232     0.00     1.63     1.63
25-Mar-2002    13233     0.89     0.10     0.99
26-Mar-2002    13234     1.39     0.95     2.34
27-Mar-2002    13235     0.00     0.00     0.00
28-Mar-2002    13236     0.49     0.00     0.49
29-Mar-2002    13237     5.43     1.39     6.82
30-Mar-2002    13238     8.63     0.62     9.25
31-Mar-2002    13239     5.68     0.00     5.68
01-Apr-2002    13240     1.55     0.69     2.23
02-Apr-2002    13241     2.23     0.81     3.04
03-Apr-2002    13242     0.35     0.13     0.48
04-Apr-2002    13243     1.65     0.17     1.82
05-Apr-2002    13244     2.31     0.27     2.58
06-Apr-2002    13245     2.09     2.39     4.47
07-Apr-2002    13246     3.29     0.35     3.64
08-Apr-2002    13247     1.92     0.77     2.70
09-Apr-2002    13248     5.58     1.06     6.63
10-Apr-2002    13249     5.78     1.33     7.11
11-Apr-2002    13250     2.24     3.40     5.64
12-Apr-2002    13251    10.38     0.97    11.35
13-Apr-2002    13252     0.79     1.40     2.20
14-Apr-2002    13253    15.28     3.44    18.72
15-Apr-2002    13254     2.72     3.64     6.36
16-Apr-2002    13255     0.68     0.94     1.62
17-Apr-2002    13256     0.57    26.97    27.54
18-Apr-2002    13257     0.85     1.44     2.29
19-Apr-2002    13258     0.00     3.58     3.58
20-Apr-2002    13259     0.76     0.18     0.94
21-Apr-2002    13260     0.96     5.14     6.10
22-Apr-2002    13261     1.38     0.48     1.85
23-Apr-2002    13262     0.18     0.33     0.51
24-Apr-2002    13263     3.02     5.37     8.39
25-Apr-2002    13264     0.83     0.87     1.69
26-Apr-2002    13265     0.84     0.00     0.84
27-Apr-2002    13266     1.42     0.00     1.42
28-Apr-2002    13267     0.25     0.74     0.98
29-Apr-2002    13268     0.29     0.00     0.29
30-Apr-2002    13269     4.59     0.00     4.59
01-May-2002    13270     0.18     2.34     2.51
02-May-2002    13271     3.55     0.40     3.95
03-May-2002    13272     0.21     4.74     4.95
04-May-2002    13273     0.20     1.61     1.81
05-May-2002    13274     0.43     1.92     2.35
06-May-2002    13275     0.39     1.36     1.75
07-May-2002    13276     0.30     2.83     3.13
08-May-2002    13277     1.95     5.97     7.92
09-May-2002    13278     0.00     1.12     1.12
10-May-2002    13279     0.00     6.06     6.06
11-May-2002    13280     0.00     8.37     8.37
12-May-2002    13281     0.21     2.55     2.75
13-May-2002    13282     0.48     1.72     2.19
14-May-2002    13283     0.00     2.81     2.81
15-May-2002    13284     0.00     1.39     1.39
16-May-2002    13285     0.00     5.05     5.05
17-May-2002    13286     2.28     1.23     3.51
18-May-2002    13287     1.67     1.29     2.95
19-May-2002    13288     1.22     0.32     1.54
20-May-2002    13289     0.38     8.56     8.94
21-May-2002    13290     1.38     4.93     6.31
22-May-2002    13291     0.00     1.91     1.91
23-May-2002    13292     0.18     0.08     0.25
24-May-2002    13293     2.40     0.00     2.40
25-May-2002    13294     1.43     0.45     1.88
26-May-2002    13295     2.54     1.00     3.53
27-May-2002    13296     5.19     1.46     6.65
28-May-2002    13297     0.57     0.59     1.16
29-May-2002    13298     1.08     1.46     2.54
30-May-2002    13299     0.31     2.64     2.95
31-May-2002    13300     0.00     0.50     0.50
01-Jun-2002    13301     0.52     2.60     3.13
02-Jun-2002    13302     0.64     4.85     5.48
03-Jun-2002    13303     1.00     2.03     3.04
04-Jun-2002    13304     1.62     0.68     2.30
05-Jun-2002    13305     0.00     0.27     0.27
06-Jun-2002    13306     0.99     0.07     1.05
07-Jun-2002    13307     0.00     0.00     0.00
08-Jun-2002    13308     0.32     0.23     0.55
09-Jun-2002    13309     0.00     0.00     0.00
10-Jun-2002    13310     0.00     0.08     0.08
11-Jun-2002    13311     0.09     1.50     1.59
12-Jun-2002    13312     0.06     0.19     0.25
13-Jun-2002    13313     0.63     0.52     1.15
14-Jun-2002    13314     2.48     0.00     2.48
15-Jun-2002    13315     0.82     0.09     0.91
16-Jun-2002    13316     0.00     0.35     0.35
17-Jun-2002    13317     0.00     0.50     0.50
18-Jun-2002    13318     0.23     0.00     0.23
19-Jun-2002    13319     0.00     0.00     0.00
20-Jun-2002    13320     0.17     0.00     0.17
21-Jun-2002    13321     0.21     0.00     0.21
22-Jun-2002    13322     0.86     0.00     0.86
23-Jun-2002    13323     7.73     0.00     7.73
24-Jun-2002    13324     0.00     0.69     0.69
25-Jun-2002    13325     0.00     0.17     0.17
26-Jun-2002    13326     0.61     0.00     0.61
27-Jun-2002    13327     0.19     0.00     0.19
28-Jun-2002    13328     0.00     0.36     0.36
29-Jun-2002    13329     0.30     0.00     0.30
30-Jun-2002    13330     0.00     0.49     0.49
01-Jul-2002    13331     0.00     1.04     1.04
02-Jul-2002    13332     0.00     4.71     4.71
03-Jul-2002    13333     0.00    18.78    18.78
04-Jul-2002    13334     0.00     5.26     5.26
05-Jul-2002    13335     0.00     3.77     3.77
06-Jul-2002    13336     0.83     2.52     3.34
07-Jul-2002    13337     0.00     0.33     0.33
08-Jul-2002    13338     0.00     0.00     0.00
09-Jul-2002    13339     0.00     0.00     0.00
10-Jul-2002    13340     0.90     1.82     2.73
11-Jul-2002    13341     3.91     0.14     4.06
12-Jul-2002    13342     7.71     0.00     7.71
13-Jul-2002    13343     2.34     0.21     2.55
14-Jul-2002    13344     2.44     0.00     2.44
15-Jul-2002    13345    42.64     0.00    42.64
16-Jul-2002    13346    10.60     2.26    12.86
17-Jul-2002    13347    10.57     2.32    12.89
18-Jul-2002    13348     5.37     1.06     6.44
19-Jul-2002    13349     3.51     0.51     4.02
20-Jul-2002    13350     2.01     0.44     2.45
21-Jul-2002    13351     0.00     0.23     0.23
22-Jul-2002    13352     0.08     1.59     1.67
23-Jul-2002    13353     0.00    16.94    16.94
24-Jul-2002    13354     0.00     9.03     9.03
25-Jul-2002    13355     0.00     1.77     1.77
26-Jul-2002    13356     0.32    30.34    30.66
27-Jul-2002    13357     0.00     2.02     2.02
28-Jul-2002    13358     1.04     7.65     8.69
29-Jul-2002    13359     0.62    13.16    13.78
30-Jul-2002    13360     0.28     2.07     2.35
31-Jul-2002    13361     1.20     7.53     8.73
01-Aug-2002    13362     0.00     8.09     8.09
02-Aug-2002    13363     0.00     5.52     5.52
03-Aug-2002    13364     0.17     4.42     4.59
04-Aug-2002    13365     0.00     0.00     0.00
05-Aug-2002    13366     0.00     0.92     0.92
06-Aug-2002    13367     2.22     2.33     4.56
07-Aug-2002    13368     0.68     0.00     0.68
08-Aug-2002    13369     0.25     0.59     0.83
09-Aug-2002    13370     0.47     0.00     0.47
10-Aug-2002    13371     0.00     0.00     0.00
11-Aug-2002    13372     1.13     0.49     1.62
12-Aug-2002    13373     0.00     2.02     2.02
13-Aug-2002    13374     4.24     3.79     8.03
14-Aug-2002    13375    10.88     1.79    12.67
15-Aug-2002    13376     0.57     5.25     5.82
16-Aug-2002    13377     1.48    28.17    29.66
17-Aug-2002    13378     1.17    10.32    11.49
18-Aug-2002    13379     1.22    14.58    15.80
19-Aug-2002    13380     0.71    10.43    11.14
20-Aug-2002    13381     0.97    13.25    14.22
21-Aug-2002    13382     0.16     7.42     7.58
22-Aug-2002    13383     0.17    23.66    23.84
23-Aug-2002    13384     0.00    37.92    37.92
24-Aug-2002    13385     0.00    10.54    10.54
25-Aug-2002    13386     0.85     3.19     4.04
26-Aug-2002    13387     0.00     6.15     6.15
27-Aug-2002    13388     0.00     1.26     1.26
28-Aug-2002    13389     0.00     3.39     3.39
29-Aug-2002    13390     2.34     5.29     7.63
30-Aug-2002    13391     8.26     1.70     9.96
31-Aug-2002    13392     2.82     0.37     3.19
01-Sep-2002    13393     0.70     2.72     3.42
02-Sep-2002    13394     0.90     0.37     1.27
03-Sep-2002    13395     1.03     0.28     1.31
04-Sep-2002    13396     0.96     0.98     1.94
05-Sep-2002    13397     3.85     2.36     6.21
06-Sep-2002    13398     0.18     0.00     0.18
07-Sep-2002    13399     0.20     0.00     0.20
08-Sep-2002    13400     2.56     0.81     3.38
09-Sep-2002    13401     0.83     5.41     6.24
10-Sep-2002    13402     2.88     2.35     5.22
11-Sep-2002    13403     0.66     1.56     2.21
12-Sep-2002    13404     2.34     1.97     4.31
13-Sep-2002    13405     0.00     1.26     1.26
14-Sep-2002    13406     0.00     6.24     6.24
15-Sep-2002    13407     0.80     4.04     4.84
16-Sep-2002    13408     0.00     7.44     7.44
17-Sep-2002    13409     0.59    22.53    23.12
18-Sep-2002    13410     0.07     6.45     6.52
19-Sep-2002    13411     0.00     5.04     5.04
20-Sep-2002    13412     0.39     2.28     2.67
21-Sep-2002    13413     0.00     1.10     1.10
22-Sep-2002    13414     0.35     1.98     2.33
23-Sep-2002    13415     0.00     1.29     1.29
24-Sep-2002    13416     0.09     0.09     0.18
25-Sep-2002    13417     1.34     0.09     1.43
26-Sep-2002    13418     2.69     0.57     3.26
27-Sep-2002    13419     4.97     0.00     4.97
28-Sep-2002    13420     3.02     0.13     3.15
29-Sep-2002    13421     2.32     3.04     5.36
30-Sep-2002    13422     9.09     1.18    10.27
01-Oct-2002    13423     0.42     1.29     1.71
02-Oct-2002    13424     0.71     3.25     3.96
03-Oct-2002    13425     1.43     6.67     8.10
04-Oct-2002    13426     5.72     5.85    11.57
05-Oct-2002    13427     3.51     2.05     5.56
06-Oct-2002    13428     0.98     0.79     1.77
07-Oct-2002    13429     0.00     0.37     0.37
08-Oct-2002    13430     1.26     0.58     1.84
09-Oct-2002    13431     0.00     0.19     0.19
10-Oct-2002    13432     0.46     0.20     0.65
11-Oct-2002    13433     1.27     5.63     6.90
12-Oct-2002    13434     1.27     0.00     1.27
13-Oct-2002    13435     0.20    12.91    13.11
14-Oct-2002    13436     1.00     6.10     7.10
15-Oct-2002    13437     2.08     0.42     2.50
16-Oct-2002    13438     0.40     0.62     1.02
17-Oct-2002    13439     0.63     1.76     2.38
18-Oct-2002    13440     5.88     1.01     6.90
19-Oct-2002    13441     6.42     4.48    10.90
20-Oct-2002    13442    17.92    12.42    30.33
21-Oct-2002    13443     4.61     4.16     8.77
22-Oct-2002    13444     2.69     0.21     2.90
23-Oct-2002    13445     3.73     1.50     5.23
24-Oct-2002    13446     1.84     0.00     1.84
25-Oct-2002    13447     7.19     0.00     7.19
26-Oct-2002    13448     0.27     0.18     0.46
27-Oct-2002    13449     5.52     0.00     5.52
28-Oct-2002    13450    14.48     1.26    15.73
29-Oct-2002    13451     8.25     2.52    10.77
30-Oct-2002    13452     4.23     0.00     4.23
31-Oct-2002    13453     2.88     0.00     2.88
01-Nov-2002    13454     1.96     0.49     2.45
02-Nov-2002    13455     0.09     1.92     2.00
03-Nov-2002    13456     5.41     1.90     7.31
04-Nov-2002    13457     1.72     4.42     6.14
05-Nov-2002    13458     2.02     3.29     5.31
06-Nov-2002    13459     5.27     2.25     7.52
07-Nov-2002    13460     1.00     5.27     6.27
08-Nov-2002    13461     0.00     7.83     7.83
09-Nov-2002    13462     1.47    11.67    13.14
10-Nov-2002    13463     0.00     8.79     8.79
11-Nov-2002    13464     0.10    24.73    24.83
12-Nov-2002    13465     0.00     8.57     8.57
13-Nov-2002    13466     0.07     2.47     2.53
14-Nov-2002    13467     0.23     1.92     2.15
15-Nov-2002    13468     3.47     1.31     4.78
16-Nov-2002    13469     2.13     2.97     5.11
17-Nov-2002    13470     1.40     2.03     3.43
18-Nov-2002    13471     0.98     0.61     1.59
19-Nov-2002    13472     0.17     1.27     1.43
20-Nov-2002    13473     0.00     2.45     2.45
21-Nov-2002    13474     0.00     3.23     3.23
22-Nov-2002    13475     0.00     3.97     3.97
23-Nov-2002    13476     0.00     1.81     1.81
24-Nov-2002    13477     0.63     9.24     9.87
25-Nov-2002    13478     0.11     0.00     0.11
26-Nov-2002    13479     0.16     0.00     0.16
27-Nov-2002    13480     2.08     5.00     7.08
28-Nov-2002    13481     0.14     2.16     2.30
29-Nov-2002    13482     0.28     0.37     0.65
30-Nov-2002    13483     0.00     0.23     0.23
01-Dec-2002    13484     0.83     0.56     1.40
02-Dec-2002    13485     1.88     0.55     2.43
03-Dec-2002    13486     0.94     0.71     1.65
04-Dec-2002    13487     2.61     0.22     2.84
05-Dec-2002    13488     0.00     0.00     0.00
06-Dec-2002    13489     0.44     0.00     0.44
07-Dec-2002    13490     0.00     0.00     0.00
08-Dec-2002    13491     0.41     1.12     1.53
09-Dec-2002    13492     0.00     0.68     0.68
10-Dec-2002    13493     0.15     2.79     2.94
11-Dec-2002    13494     0.00     1.00     1.00
12-Dec-2002    13495     0.99     0.00     0.99
13-Dec-2002    13496     0.63     4.95     5.58
14-Dec-2002    13497     1.80     5.28     7.08
15-Dec-2002    13498     1.24     1.96     3.20
16-Dec-2002    13499     6.95     7.14    14.09
17-Dec-2002    13500     5.73     4.30    10.02
18-Dec-2002    13501     0.00     5.82     5.82
19-Dec-2002    13502    13.54     4.02    17.56
20-Dec-2002    13503     0.00     3.73     3.73
21-Dec-2002    13504     2.23     2.03     4.26
22-Dec-2002    13505     0.00     0.21     0.21
23-Dec-2002    13506     0.41     0.61     1.02
24-Dec-2002    13507     0.00     3.27     3.27
25-Dec-2002    13508     0.00     0.37     0.37
26-Dec-2002    13509     0.59     0.47     1.06
27-Dec-2002    13510     0.52     0.30     0.82
28-Dec-2002    13511     0.00     0.00     0.00
29-Dec-2002    13512     0.00     0.19     0.19
30-Dec-2002    13513     0.19     0.00     0.19
31-Dec-2002    13514     1.44     0.21     1.65