
            DAILY SOLAR FLARE INDEX
           01 JAN 1975 - 31 DEC 1975
________________________________________________

  TIME (DAY)            NORTH    SOUTH    TOTAL
================================================
  01-Jan-75     3288     0.00     0.00     0.00
  02-Jan-75     3289     0.00     0.00     0.00
  03-Jan-75     3290     0.71     0.00     0.71
  04-Jan-75     3291     0.00     0.00     0.00
  05-Jan-75     3292     1.27     0.00     1.27
  06-Jan-75     3293     4.25     0.00     4.25
  07-Jan-75     3294     0.00     0.00     0.00
  08-Jan-75     3295     0.00     0.00     0.00
  09-Jan-75     3296     0.25     0.00     0.25
  10-Jan-75     3297     1.74     0.00     1.74
  11-Jan-75     3298     0.00     0.00     0.00
  12-Jan-75     3299     0.83     0.00     0.83
  13-Jan-75     3300     0.56     0.00     0.56
  14-Jan-75     3301     0.53     0.00     0.53
  15-Jan-75     3302     0.00     0.00     0.00
  16-Jan-75     3303     0.00     0.00     0.00
  17-Jan-75     3304     0.00     0.00     0.00
  18-Jan-75     3305     0.00     0.00     0.00
  19-Jan-75     3306     0.33     0.00     0.33
  20-Jan-75     3307     0.00     0.00     0.00
  21-Jan-75     3308     0.00     0.00     0.00
  22-Jan-75     3309     0.00     0.00     0.00
  23-Jan-75     3310     0.00     0.00     0.00
  24-Jan-75     3311     0.00     0.00     0.00
  25-Jan-75     3312     0.00     0.00     0.00
  26-Jan-75     3313     0.00     0.00     0.00
  27-Jan-75     3314     0.00     0.00     0.00
  28-Jan-75     3315     0.00     0.00     0.00
  29-Jan-75     3316     0.00     0.00     0.00
  30-Jan-75     3317     0.00     0.00     0.00
  31-Jan-75     3318     0.00     0.00     0.00
  01-Feb-75     3319     0.00     0.00     0.00
  02-Feb-75     3320     0.00     0.00     0.00
  03-Feb-75     3321     0.00     0.42     0.42
  04-Feb-75     3322     0.00     0.00     0.00
  05-Feb-75     3323     0.91     0.00     0.91
  06-Feb-75     3324     0.00     0.00     0.00
  07-Feb-75     3325     0.40     0.00     0.40
  08-Feb-75     3326     0.00     0.00     0.00
  09-Feb-75     3327     0.00     0.00     0.00
  10-Feb-75     3328     0.00     0.00     0.00
  11-Feb-75     3329     0.00     0.00     0.00
  12-Feb-75     3330     0.00     0.00     0.00
  13-Feb-75     3331     1.37     0.00     1.37
  14-Feb-75     3332     0.00     0.00     0.00
  15-Feb-75     3333     0.00     0.00     0.00
  16-Feb-75     3334     0.00     0.00     0.00
  17-Feb-75     3335     0.00     0.00     0.00
  18-Feb-75     3336     0.00     0.00     0.00
  19-Feb-75     3337     0.00     0.00     0.00
  20-Feb-75     3338     0.00     0.00     0.00
  21-Feb-75     3339     0.00     0.00     0.00
  22-Feb-75     3340     0.00     0.00     0.00
  23-Feb-75     3341     0.00     0.00     0.00
  24-Feb-75     3342     0.00     0.00     0.00
  25-Feb-75     3343     0.00     0.00     0.00
  26-Feb-75     3344     0.00     0.00     0.00
  27-Feb-75     3345     0.00     0.00     0.00
  28-Feb-75     3346     0.00     0.00     0.00
  01-Mar-75     3347     0.00     0.00     0.00
  02-Mar-75     3348     0.00     0.00     0.00
  03-Mar-75     3349     0.00     0.00     0.00
  04-Mar-75     3350     0.00     0.00     0.00
  05-Mar-75     3351     0.00     0.00     0.00
  06-Mar-75     3352     0.00     0.00     0.00
  07-Mar-75     3353     0.00     0.00     0.00
  08-Mar-75     3354     0.00     0.00     0.00
  09-Mar-75     3355     0.00     0.00     0.00
  10-Mar-75     3356     0.00     0.00     0.00
  11-Mar-75     3357     0.00     0.00     0.00
  12-Mar-75     3358     0.00     1.75     1.75
  13-Mar-75     3359     0.00     0.00     0.00
  14-Mar-75     3360     0.00     2.41     2.41
  15-Mar-75     3361     0.00     0.00     0.00
  16-Mar-75     3362     0.00     0.00     0.00
  17-Mar-75     3363     0.00     0.00     0.00
  18-Mar-75     3364     0.00     0.00     0.00
  19-Mar-75     3365     0.00     0.00     0.00
  20-Mar-75     3366     0.00     0.00     0.00
  21-Mar-75     3367     0.00     0.00     0.00
  22-Mar-75     3368     0.00     0.00     0.00
  23-Mar-75     3369     0.00     0.00     0.00
  24-Mar-75     3370     0.00     0.00     0.00
  25-Mar-75     3371     0.00     0.00     0.00
  26-Mar-75     3372     0.00     0.00     0.00
  27-Mar-75     3373     0.00     0.00     0.00
  28-Mar-75     3374     0.00     0.00     0.00
  29-Mar-75     3375     0.00     0.00     0.00
  30-Mar-75     3376     0.00     0.00     0.00
  31-Mar-75     3377     0.00     1.48     1.48
  01-Apr-75     3378     0.00     0.00     0.00
  02-Apr-75     3379     0.00     0.00     0.00
  03-Apr-75     3380     0.00     0.00     0.00
  04-Apr-75     3381     0.00     0.00     0.00
  05-Apr-75     3382     0.00     0.00     0.00
  06-Apr-75     3383     0.46     0.00     0.46
  07-Apr-75     3384     0.00     0.00     0.00
  08-Apr-75     3385     0.00     0.00     0.00
  09-Apr-75     3386     0.00     0.00     0.00
  10-Apr-75     3387     0.00     0.00     0.00
  11-Apr-75     3388     0.00     0.00     0.00
  12-Apr-75     3389     0.00     0.00     0.00
  13-Apr-75     3390     0.00     0.00     0.00
  14-Apr-75     3391     0.00     0.00     0.00
  15-Apr-75     3392     0.00     0.00     0.00
  16-Apr-75     3393     0.00     0.00     0.00
  17-Apr-75     3394     0.00     0.00     0.00
  18-Apr-75     3395     0.00     0.00     0.00
  19-Apr-75     3396     0.00     0.00     0.00
  20-Apr-75     3397     0.00     0.00     0.00
  21-Apr-75     3398     0.00     0.00     0.00
  22-Apr-75     3399     0.00     0.00     0.00
  23-Apr-75     3400     0.00     0.00     0.00
  24-Apr-75     3401     0.00     0.00     0.00
  25-Apr-75     3402     0.00     0.00     0.00
  26-Apr-75     3403     0.00     0.00     0.00
  27-Apr-75     3404     0.00     0.00     0.00
  28-Apr-75     3405     0.00     0.00     0.00
  29-Apr-75     3406     0.34     0.00     0.34
  30-Apr-75     3407     0.00     0.00     0.00
  01-May-75     3408     0.00     0.00     0.00
  02-May-75     3409     0.00     0.00     0.00
  03-May-75     3410     0.00     0.00     0.00
  04-May-75     3411     0.00     0.87     0.87
  05-May-75     3412     0.00     1.13     1.13
  06-May-75     3413     0.00     0.00     0.00
  07-May-75     3414     0.00     0.00     0.00
  08-May-75     3415     0.00     0.96     0.96
  09-May-75     3416     0.00     1.27     1.27
  10-May-75     3417     0.00     0.00     0.00
  11-May-75     3418     0.00     0.00     0.00
  12-May-75     3419     0.00     0.00     0.00
  13-May-75     3420     0.00     0.00     0.00
  14-May-75     3421     0.00     0.00     0.00
  15-May-75     3422     0.00     0.00     0.00
  16-May-75     3423     0.00     0.00     0.00
  17-May-75     3424     0.00     0.00     0.00
  18-May-75     3425     0.00     0.00     0.00
  19-May-75     3426     0.00     0.00     0.00
  20-May-75     3427     0.00     0.00     0.00
  21-May-75     3428     0.00     0.00     0.00
  22-May-75     3429     0.00     0.00     0.00
  23-May-75     3430     0.00     0.00     0.00
  24-May-75     3431     0.00     0.00     0.00
  25-May-75     3432     0.00     0.00     0.00
  26-May-75     3433     0.00     0.00     0.00
  27-May-75     3434     0.00     0.00     0.00
  28-May-75     3435     0.00     0.00     0.00
  29-May-75     3436     0.00     0.00     0.00
  30-May-75     3437     0.00     0.00     0.00
  31-May-75     3438     0.00     0.00     0.00
  01-Jun-75     3439     0.00     0.00     0.00
  02-Jun-75     3440     0.00     0.00     0.00
  03-Jun-75     3441     0.00     0.00     0.00
  04-Jun-75     3442     0.00     0.00     0.00
  05-Jun-75     3443     0.00     0.00     0.00
  06-Jun-75     3444     0.00     0.00     0.00
  07-Jun-75     3445     0.00     0.00     0.00
  08-Jun-75     3446     0.00     0.00     0.00
  09-Jun-75     3447     0.00     0.00     0.00
  10-Jun-75     3448     0.00     0.00     0.00
  11-Jun-75     3449     0.00     0.00     0.00
  12-Jun-75     3450     0.00     0.00     0.00
  13-Jun-75     3451     0.00     0.00     0.00
  14-Jun-75     3452     0.00     0.00     0.00
  15-Jun-75     3453     0.00     0.00     0.00
  16-Jun-75     3454     0.00     0.00     0.00
  17-Jun-75     3455     0.00     0.00     0.00
  18-Jun-75     3456     0.00     0.00     0.00
  19-Jun-75     3457     1.90     8.34    10.24
  20-Jun-75     3458     0.00     2.67     2.67
  21-Jun-75     3459     0.00     0.00     0.00
  22-Jun-75     3460     0.00     0.00     0.00
  23-Jun-75     3461     0.00     0.00     0.00
  24-Jun-75     3462     1.88     0.00     1.88
  25-Jun-75     3463     0.00     0.00     0.00
  26-Jun-75     3464     0.00     0.00     0.00
  27-Jun-75     3465     0.00     2.00     2.00
  28-Jun-75     3466     0.00     7.38     7.38
  29-Jun-75     3467     0.00     0.00     0.00
  30-Jun-75     3468     0.00     0.00     0.00
  01-Jul-75     3469     0.00     0.00     0.00
  02-Jul-75     3470     1.13     0.00     1.13
  03-Jul-75     3471     0.00     0.00     0.00
  04-Jul-75     3472     2.02     0.00     2.02
  05-Jul-75     3473     0.00     0.00     0.00
  06-Jul-75     3474     0.00     0.00     0.00
  07-Jul-75     3475     0.00     0.00     0.00
  08-Jul-75     3476     0.00     0.00     0.00
  09-Jul-75     3477     0.00     0.00     0.00
  10-Jul-75     3478     0.00     0.00     0.00
  11-Jul-75     3479     0.00     0.39     0.39
  12-Jul-75     3480     0.25     0.00     0.25
  13-Jul-75     3481     1.76     0.00     1.76
  14-Jul-75     3482     0.39     0.00     0.39
  15-Jul-75     3483     0.00     0.25     0.25
  16-Jul-75     3484     0.00     0.00     0.00
  17-Jul-75     3485     0.00     0.00     0.00
  18-Jul-75     3486     0.00     0.00     0.00
  19-Jul-75     3487     0.00     0.00     0.00
  20-Jul-75     3488     0.00     0.00     0.00
  21-Jul-75     3489     0.33     0.00     0.33
  22-Jul-75     3490     0.42     0.00     0.42
  23-Jul-75     3491     0.00     0.00     0.00
  24-Jul-75     3492     1.03     0.00     1.03
  25-Jul-75     3493     1.29     0.00     1.29
  26-Jul-75     3494     0.00     0.00     0.00
  27-Jul-75     3495     0.00     0.00     0.00
  28-Jul-75     3496     0.00     0.00     0.00
  29-Jul-75     3497     0.33     0.00     0.33
  30-Jul-75     3498     0.00     0.00     0.00
  31-Jul-75     3499     0.00     0.00     0.00
  01-Aug-75     3500     0.00     0.00     0.00
  02-Aug-75     3501     3.08     0.00     3.08
  03-Aug-75     3502    12.77     0.00    12.77
  04-Aug-75     3503     2.63     0.00     2.63
  05-Aug-75     3504     1.33     0.00     1.33
  06-Aug-75     3505     1.33     0.00     1.33
  07-Aug-75     3506    10.58     0.00    10.58
  08-Aug-75     3507     0.21     0.00     0.21
  09-Aug-75     3508     1.06     0.00     1.06
  10-Aug-75     3509     6.36     0.00     6.36
  11-Aug-75     3510     1.54     0.00     1.54
  12-Aug-75     3511     1.77     0.00     1.77
  13-Aug-75     3512     0.17     0.00     0.17
  14-Aug-75     3513     3.30     0.00     3.30
  15-Aug-75     3514     0.76     0.00     0.76
  16-Aug-75     3515     0.00     0.00     0.00
  17-Aug-75     3516     0.00     0.00     0.00
  18-Aug-75     3517     0.00     0.00     0.00
  19-Aug-75     3518     0.00     0.00     0.00
  20-Aug-75     3519     0.00     0.00     0.00
  21-Aug-75     3520     3.18     0.49     3.68
  22-Aug-75     3521    13.07     0.00    13.07
  23-Aug-75     3522     0.00     0.00     0.00
  24-Aug-75     3523     0.46     0.00     0.46
  25-Aug-75     3524     0.00     0.29     0.29
  26-Aug-75     3525     0.00     0.00     0.00
  27-Aug-75     3526     0.00     0.00     0.00
  28-Aug-75     3527     0.00     0.00     0.00
  29-Aug-75     3528     0.00     0.00     0.00
  30-Aug-75     3529     0.00     0.00     0.00
  31-Aug-75     3530     0.00     0.00     0.00
  01-Sep-75     3531     0.71     0.00     0.71
  02-Sep-75     3532     0.43     0.00     0.43
  03-Sep-75     3533     0.00     0.00     0.00
  04-Sep-75     3534     0.00     0.00     0.00
  05-Sep-75     3535     0.00     0.00     0.00
  06-Sep-75     3536     0.00     0.00     0.00
  07-Sep-75     3537     0.00     0.00     0.00
  08-Sep-75     3538     0.00     0.00     0.00
  09-Sep-75     3539     0.00     0.00     0.00
  10-Sep-75     3540     0.00     0.00     0.00
  11-Sep-75     3541     0.00     0.00     0.00
  12-Sep-75     3542     0.00     0.00     0.00
  13-Sep-75     3543     0.00     0.00     0.00
  14-Sep-75     3544     0.00     0.00     0.00
  15-Sep-75     3545     0.00     0.00     0.00
  16-Sep-75     3546     0.00     0.00     0.00
  17-Sep-75     3547     0.00     0.00     0.00
  18-Sep-75     3548     0.00     0.00     0.00
  19-Sep-75     3549     1.04     0.00     1.04
  20-Sep-75     3550     0.00     0.00     0.00
  21-Sep-75     3551     2.20     0.00     2.20
  22-Sep-75     3552     0.00     0.00     0.00
  23-Sep-75     3553     0.00     0.00     0.00
  24-Sep-75     3554     0.00     0.00     0.00
  25-Sep-75     3555     0.00     0.00     0.00
  26-Sep-75     3556     0.00     0.00     0.00
  27-Sep-75     3557     0.00     0.00     0.00
  28-Sep-75     3558     0.00     0.00     0.00
  29-Sep-75     3559     0.00     0.00     0.00
  30-Sep-75     3560     0.00     0.00     0.00
  01-Oct-75     3561     0.00     0.00     0.00
  02-Oct-75     3562     0.00     0.00     0.00
  03-Oct-75     3563     0.00     0.00     0.00
  04-Oct-75     3564     0.00     0.00     0.00
  05-Oct-75     3565     0.00     0.00     0.00
  06-Oct-75     3566     0.00     0.00     0.00
  07-Oct-75     3567     0.00     0.00     0.00
  08-Oct-75     3568     0.00     0.00     0.00
  09-Oct-75     3569     0.00     0.00     0.00
  10-Oct-75     3570     0.00     0.00     0.00
  11-Oct-75     3571     0.00     0.00     0.00
  12-Oct-75     3572     0.00     0.00     0.00
  13-Oct-75     3573     1.04     0.21     1.25
  14-Oct-75     3574     0.00     0.00     0.00
  15-Oct-75     3575     0.33     0.00     0.33
  16-Oct-75     3576     0.00     0.00     0.00
  17-Oct-75     3577     0.00     0.00     0.00
  18-Oct-75     3578     0.00     0.00     0.00
  19-Oct-75     3579     0.00     0.00     0.00
  20-Oct-75     3580     0.17     0.00     0.17
  21-Oct-75     3581     0.00     0.00     0.00
  22-Oct-75     3582     0.00     0.00     0.00
  23-Oct-75     3583     0.00     0.00     0.00
  24-Oct-75     3584     0.00     0.00     0.00
  25-Oct-75     3585     0.00     0.00     0.00
  26-Oct-75     3586     0.00     0.00     0.00
  27-Oct-75     3587     0.00     0.00     0.00
  28-Oct-75     3588     0.00     0.00     0.00
  29-Oct-75     3589     0.00     0.00     0.00
  30-Oct-75     3590     0.00     0.00     0.00
  31-Oct-75     3591     0.00     0.00     0.00
  01-Nov-75     3592     0.00     0.00     0.00
  02-Nov-75     3593     0.00     0.00     0.00
  03-Nov-75     3594     0.00     0.00     0.00
  04-Nov-75     3595     0.46     0.00     0.46
  05-Nov-75     3596     3.02     0.00     3.02
  06-Nov-75     3597     3.13     0.00     3.13
  07-Nov-75     3598     0.00     0.00     0.00
  08-Nov-75     3599     0.00     0.00     0.00
  09-Nov-75     3600     0.00     0.00     0.00
  10-Nov-75     3601     0.27     0.00     0.27
  11-Nov-75     3602     0.00     0.00     0.00
  12-Nov-75     3603     0.00     0.00     0.00
  13-Nov-75     3604     0.00     0.00     0.00
  14-Nov-75     3605     0.00     0.58     0.58
  15-Nov-75     3606     0.00     3.78     3.78
  16-Nov-75     3607     0.00     4.09     4.09
  17-Nov-75     3608     0.00     1.24     1.24
  18-Nov-75     3609     0.00     2.38     2.38
  19-Nov-75     3610     0.00     1.18     1.18
  20-Nov-75     3611     0.00     0.00     0.00
  21-Nov-75     3612     0.00     5.46     5.46
  22-Nov-75     3613     0.00     0.00     0.00
  23-Nov-75     3614     0.00     0.00     0.00
  24-Nov-75     3615     0.00     0.00     0.00
  25-Nov-75     3616     0.00     0.00     0.00
  26-Nov-75     3617     0.00     0.00     0.00
  27-Nov-75     3618     0.00     0.00     0.00
  28-Nov-75     3619     0.00     0.00     0.00
  29-Nov-75     3620     0.00     0.00     0.00
  30-Nov-75     3621     0.00     0.00     0.00
  01-Dec-75     3622     0.00     0.00     0.00
  02-Dec-75     3623     0.00     0.00     0.00
  03-Dec-75     3624     0.00     0.00     0.00
  04-Dec-75     3625     0.00     0.00     0.00
  05-Dec-75     3626     4.40     0.00     4.40
  06-Dec-75     3627     0.00     0.00     0.00
  07-Dec-75     3628     0.41     0.00     0.41
  08-Dec-75     3629     0.65     0.00     0.65
  09-Dec-75     3630     0.00     0.00     0.00
  10-Dec-75     3631     0.00     0.00     0.00
  11-Dec-75     3632     0.00     0.00     0.00
  12-Dec-75     3633     0.00     0.00     0.00
  13-Dec-75     3634     0.00     0.00     0.00
  14-Dec-75     3635     0.00     0.00     0.00
  15-Dec-75     3636     0.00     0.00     0.00
  16-Dec-75     3637     0.00     0.00     0.00
  17-Dec-75     3638     0.00     0.00     0.00
  18-Dec-75     3639     0.00     0.00     0.00
  19-Dec-75     3640     0.00     0.00     0.00
  20-Dec-75     3641     0.00     0.00     0.00
  21-Dec-75     3642     0.00     0.00     0.00
  22-Dec-75     3643     0.00     0.00     0.00
  23-Dec-75     3644     0.00     0.77     0.77
  24-Dec-75     3645     0.00     0.00     0.00
  25-Dec-75     3646     0.00     0.00     0.00
  26-Dec-75     3647     0.00     0.00     0.00
  27-Dec-75     3648     0.00     0.00     0.00
  28-Dec-75     3649     0.00     0.00     0.00
  29-Dec-75     3650     0.00     0.00     0.00
  30-Dec-75     3651     0.00     0.00     0.00
  31-Dec-75     3652     0.00     0.00     0.00