
            DAILY SOLAR FLARE INDEX
           01 JAN 1993 - 31 DEC 1993
________________________________________________

  TIME (DAY)            NORTH    SOUTH    TOTAL
================================================
  01-Jan-93     9863     0.19     0.34     0.53
  02-Jan-93     9864     0.00     1.72     1.72
  03-Jan-93     9865     0.00     0.00     0.00
  04-Jan-93     9866     0.00     0.00     0.00
  05-Jan-93     9867     0.00     2.31     2.31
  06-Jan-93     9868     0.00     0.92     0.92
  07-Jan-93     9869     0.00    14.48    14.48
  08-Jan-93     9870     0.00     1.21     1.21
  09-Jan-93     9871     0.00     1.75     1.75
  10-Jan-93     9872     0.00     3.72     3.72
  11-Jan-93     9873     1.07     5.08     6.15
  12-Jan-93     9874     0.00     6.79     6.79
  13-Jan-93     9875     0.15     4.57     4.72
  14-Jan-93     9876     0.00     0.39     0.39
  15-Jan-93     9877     0.59     0.36     0.95
  16-Jan-93     9878     0.89     5.54     6.43
  17-Jan-93     9879     0.35     2.71     3.06
  18-Jan-93     9880     0.00     1.09     1.09
  19-Jan-93     9881     0.00     0.44     0.44
  20-Jan-93     9882     0.39     1.67     2.06
  21-Jan-93     9883     0.00     1.04     1.04
  22-Jan-93     9884     0.00     0.00     0.00
  23-Jan-93     9885     0.40     0.09     0.49
  24-Jan-93     9886     3.26     3.16     6.42
  25-Jan-93     9887     1.78     0.00     1.78
  26-Jan-93     9888     0.00     0.00     0.00
  27-Jan-93     9889     1.55     6.65     8.20
  28-Jan-93     9890     0.00     0.51     0.51
  29-Jan-93     9891     0.00     1.92     1.92
  30-Jan-93     9892     0.00     3.60     3.60
  31-Jan-93     9893     0.00     0.47     0.47
  01-Feb-93     9894     0.00     1.97     1.97
  02-Feb-93     9895     2.92     2.72     5.64
  03-Feb-93     9896     7.52     0.83     8.35
  04-Feb-93     9897     3.18     4.03     7.21
  05-Feb-93     9898     5.77     5.63    11.40
  06-Feb-93     9899    22.68    20.49    43.17
  07-Feb-93     9900     7.02     6.81    13.83
  08-Feb-93     9901     2.86     5.22     8.08
  09-Feb-93     9902     2.67     8.34    11.01
  10-Feb-93     9903     0.57     8.50     9.07
  11-Feb-93     9904     3.28    19.03    22.31
  12-Feb-93     9905     4.15     7.00    11.15
  13-Feb-93     9906     1.27    11.39    12.66
  14-Feb-93     9907     0.83     6.07     6.90
  15-Feb-93     9908     1.57     6.68     8.25
  16-Feb-93     9909     6.00     8.82    14.82
  17-Feb-93     9910     4.76    22.61    27.37
  18-Feb-93     9911    12.54    26.63    39.17
  19-Feb-93     9912     1.68     4.12     5.80
  20-Feb-93     9913     3.34     1.45     4.79
  21-Feb-93     9914    10.29     1.73    12.02
  22-Feb-93     9915     2.86     0.22     3.08
  23-Feb-93     9916     1.44     0.67     2.11
  24-Feb-93     9917     6.91     0.96     7.87
  25-Feb-93     9918     0.15     2.60     2.75
  26-Feb-93     9919     0.32     2.34     2.66
  27-Feb-93     9920     0.00     0.40     0.40
  28-Feb-93     9921     0.87     0.00     0.87
  01-Mar-93     9922     8.88     0.26     9.14
  02-Mar-93     9923     5.74     1.06     6.80
  03-Mar-93     9924     0.00     0.00     0.00
  04-Mar-93     9925     0.00     0.00     0.00
  05-Mar-93     9926     0.00     0.00     0.00
  06-Mar-93     9927     0.00     0.00     0.00
  07-Mar-93     9928     0.00     0.00     0.00
  08-Mar-93     9929     0.00     0.00     0.00
  09-Mar-93     9930     0.00     0.00     0.00
  10-Mar-93     9931     0.00     0.00     0.00
  11-Mar-93     9932     0.00     0.00     0.00
  12-Mar-93     9933     0.00     0.00     0.00
  13-Mar-93     9934     0.16     0.00     0.16
  14-Mar-93     9935     0.00     0.58     0.58
  15-Mar-93     9936     3.08     0.61     3.69
  16-Mar-93     9937    13.66    11.55    25.21
  17-Mar-93     9938     4.27     4.29     8.56
  18-Mar-93     9939     1.19    20.65    21.84
  19-Mar-93     9940     0.91     3.13     4.04
  20-Mar-93     9941     0.39     3.93     4.32
  21-Mar-93     9942     0.00     2.94     2.94
  22-Mar-93     9943     0.00    12.96    12.96
  23-Mar-93     9944     9.06    15.09    24.15
  24-Mar-93     9945     3.40    28.33    31.73
  25-Mar-93     9946     3.28     2.75     6.03
  26-Mar-93     9947     1.43     0.16     1.59
  27-Mar-93     9948     1.37     2.23     3.60
  28-Mar-93     9949     5.00     1.20     6.20
  29-Mar-93     9950     4.29     0.59     4.88
  30-Mar-93     9951     9.96     0.58    10.54
  31-Mar-93     9952    13.45     8.45    21.90
  01-Apr-93     9953     1.45     3.75     5.20
  02-Apr-93     9954     0.00     0.52     0.52
  03-Apr-93     9955     0.00     0.38     0.38
  04-Apr-93     9956     0.00     0.58     0.58
  05-Apr-93     9957     0.00     0.39     0.39
  06-Apr-93     9958     0.00     6.69     6.69
  07-Apr-93     9959     0.00     6.27     6.27
  08-Apr-93     9960     3.39    26.95    30.34
  09-Apr-93     9961     0.18     2.99     3.17
  10-Apr-93     9962     1.58     4.34     5.92
  11-Apr-93     9963     0.19     2.05     2.24
  12-Apr-93     9964     2.48     5.88     8.36
  13-Apr-93     9965     0.54     0.00     0.54
  14-Apr-93     9966     0.00     0.00     0.00
  15-Apr-93     9967     0.20     0.00     0.20
  16-Apr-93     9968     3.76     1.81     5.57
  17-Apr-93     9969     7.78     0.27     8.05
  18-Apr-93     9970    10.62     2.82    13.44
  19-Apr-93     9971     6.78     1.31     8.09
  20-Apr-93     9972     9.74     4.50    14.24
  21-Apr-93     9973     3.82     2.74     6.56
  22-Apr-93     9974     2.98     1.35     4.33
  23-Apr-93     9975     1.12     1.14     2.26
  24-Apr-93     9976     0.23     5.40     5.63
  25-Apr-93     9977     1.81     2.21     4.02
  26-Apr-93     9978     0.13     2.35     2.48
  27-Apr-93     9979     0.52     1.56     2.08
  28-Apr-93     9980     1.73     2.68     4.41
  29-Apr-93     9981     0.17     0.00     0.17
  30-Apr-93     9982     0.00     0.13     0.13
  01-May-93     9983     0.00     0.00     0.00
  02-May-93     9984     0.00     2.14     2.14
  03-May-93     9985     0.00     1.18     1.18
  04-May-93     9986     0.61     0.31     0.92
  05-May-93     9987     2.35     1.89     4.24
  06-May-93     9988     2.54     0.36     2.90
  07-May-93     9989    16.33     0.86    17.19
  08-May-93     9990     4.49     1.73     6.22
  09-May-93     9991     2.89     0.20     3.09
  10-May-93     9992     4.36     0.13     4.49
  11-May-93     9993     5.02     0.32     5.34
  12-May-93     9994     4.62     0.29     4.91
  13-May-93     9995     4.92     0.00     4.92
  14-May-93     9996    17.50     0.00    17.50
  15-May-93     9997     0.27     0.00     0.27
  16-May-93     9998     0.00     0.00     0.00
  17-May-93     9999     0.00     0.00     0.00
  18-May-93    10000     0.65     0.38     1.03
  19-May-93    10001     2.09     0.00     2.09
  20-May-93    10002     0.29     0.00     0.29
  21-May-93    10003     0.31     0.00     0.31
  22-May-93    10004     0.18     0.00     0.18
  23-May-93    10005     0.00     0.44     0.44
  24-May-93    10006     0.60     0.00     0.60
  25-May-93    10007     7.40     0.00     7.40
  26-May-93    10008     8.79     0.00     8.79
  27-May-93    10009    18.04     0.00    18.04
  28-May-93    10010    21.21     0.00    21.21
  29-May-93    10011     8.00     0.00     8.00
  30-May-93    10012    16.11     0.00    16.11
  31-May-93    10013     1.39     1.02     2.41
  01-Jun-93    10014     5.06     1.02     6.08
  02-Jun-93    10015     1.65     2.35     4.00
  03-Jun-93    10016     2.61     2.00     4.61
  04-Jun-93    10017     6.45     0.17     6.62
  05-Jun-93    10018     6.64     3.38    10.02
  06-Jun-93    10019     1.46     7.20     8.66
  07-Jun-93    10020     0.81    36.11    36.92
  08-Jun-93    10021     1.48     7.86     9.34
  09-Jun-93    10022     0.98    11.13    12.11
  10-Jun-93    10023     0.63     4.00     4.63
  11-Jun-93    10024     0.81     1.38     2.19
  12-Jun-93    10025     0.47     0.34     0.81
  13-Jun-93    10026     0.19     0.00     0.19
  14-Jun-93    10027     0.76     0.00     0.76
  15-Jun-93    10028     0.00     0.00     0.00
  16-Jun-93    10029     0.00     0.00     0.00
  17-Jun-93    10030     0.00     0.00     0.00
  18-Jun-93    10031     1.38     0.08     1.46
  19-Jun-93    10032     3.81     0.00     3.81
  20-Jun-93    10033     0.41     1.18     1.59
  21-Jun-93    10034     0.00     0.10     0.10
  22-Jun-93    10035     0.00     0.99     0.99
  23-Jun-93    10036     1.17     0.25     1.42
  24-Jun-93    10037     1.60    13.74    15.34
  25-Jun-93    10038     1.98     2.63     4.61
  26-Jun-93    10039     0.00     8.48     8.48
  27-Jun-93    10040     1.42    11.79    13.21
  28-Jun-93    10041     5.18     6.06    11.24
  29-Jun-93    10042     0.19     1.73     1.92
  30-Jun-93    10043     0.11     1.58     1.69
  01-Jul-93    10044     0.00     3.81     3.81
  02-Jul-93    10045     0.00    10.35    10.35
  03-Jul-93    10046     0.00    11.15    11.15
  04-Jul-93    10047     1.26    24.36    25.62
  05-Jul-93    10048     0.15     1.04     1.19
  06-Jul-93    10049     0.77     4.10     4.87
  07-Jul-93    10050     0.00    14.23    14.23
  08-Jul-93    10051     0.00     0.19     0.19
  09-Jul-93    10052     0.00     0.00     0.00
  10-Jul-93    10053     0.00     0.00     0.00
  11-Jul-93    10054     0.00     0.00     0.00
  12-Jul-93    10055     0.21     0.00     0.21
  13-Jul-93    10056     0.92     1.67     2.59
  14-Jul-93    10057     0.00     2.39     2.39
  15-Jul-93    10058     0.20     0.00     0.20
  16-Jul-93    10059     0.00     0.00     0.00
  17-Jul-93    10060     0.65     0.65     1.30
  18-Jul-93    10061     0.00     0.34     0.34
  19-Jul-93    10062     0.39     0.65     1.04
  20-Jul-93    10063     0.31     1.56     1.87
  21-Jul-93    10064     1.67     1.63     3.30
  22-Jul-93    10065     0.94     0.88     1.82
  23-Jul-93    10066     1.15     4.60     5.75
  24-Jul-93    10067     0.35     1.35     1.70
  25-Jul-93    10068     0.46     1.63     2.09
  26-Jul-93    10069     0.42     0.00     0.42
  27-Jul-93    10070    12.44     0.76    13.20
  28-Jul-93    10071     0.23     0.00     0.23
  29-Jul-93    10072     0.29     0.00     0.29
  30-Jul-93    10073     0.93     0.25     1.18
  31-Jul-93    10074     0.35     0.51     0.86
  01-Aug-93    10075     0.00     0.00     0.00
  02-Aug-93    10076     1.92     1.27     3.19
  03-Aug-93    10077     0.77     0.00     0.77
  04-Aug-93    10078     0.00     0.00     0.00
  05-Aug-93    10079     2.08     0.00     2.08
  06-Aug-93    10080     1.22     0.00     1.22
  07-Aug-93    10081     0.27     0.00     0.27
  08-Aug-93    10082     0.69     0.00     0.69
  09-Aug-93    10083     3.35     0.00     3.35
  10-Aug-93    10084     6.56     0.00     6.56
  11-Aug-93    10085     5.90     4.26    10.16
  12-Aug-93    10086     0.77     0.29     1.06
  13-Aug-93    10087     0.47     3.33     3.80
  14-Aug-93    10088     0.08     1.09     1.17
  15-Aug-93    10089     0.00     0.00     0.00
  16-Aug-93    10090     0.00     0.00     0.00
  17-Aug-93    10091     0.00     0.21     0.21
  18-Aug-93    10092     0.00     0.00     0.00
  19-Aug-93    10093     0.00     0.68     0.68
  20-Aug-93    10094     0.00     0.02     0.02
  21-Aug-93    10095     0.00     1.58     1.58
  22-Aug-93    10096     0.00     0.00     0.00
  23-Aug-93    10097     0.70     0.08     0.78
  24-Aug-93    10098     0.00     0.00     0.00
  25-Aug-93    10099     0.00     0.54     0.54
  26-Aug-93    10100     0.23     0.00     0.23
  27-Aug-93    10101     0.00     0.00     0.00
  28-Aug-93    10102     0.00     0.00     0.00
  29-Aug-93    10103     0.00     0.00     0.00
  30-Aug-93    10104     0.00     0.00     0.00
  31-Aug-93    10105     0.00     0.00     0.00
  01-Sep-93    10106     0.00     0.00     0.00
  02-Sep-93    10107     0.33     0.00     0.33
  03-Sep-93    10108     0.00     0.00     0.00
  04-Sep-93    10109     2.44     0.00     2.44
  05-Sep-93    10110     0.54     0.00     0.54
  06-Sep-93    10111     0.48     0.00     0.48
  07-Sep-93    10112     0.11     0.00     0.11
  08-Sep-93    10113     0.11     0.20     0.31
  09-Sep-93    10114     0.00     0.00     0.00
  10-Sep-93    10115     0.00     0.00     0.00
  11-Sep-93    10116     0.00     0.00     0.00
  12-Sep-93    10117     0.00     0.00     0.00
  13-Sep-93    10118     0.00     0.00     0.00
  14-Sep-93    10119     0.00     0.00     0.00
  15-Sep-93    10120     0.00     0.25     0.25
  16-Sep-93    10121     0.00     5.82     5.82
  17-Sep-93    10122     0.00     0.63     0.63
  18-Sep-93    10123     0.00     0.25     0.25
  19-Sep-93    10124     0.00     0.00     0.00
  20-Sep-93    10125     0.00     0.00     0.00
  21-Sep-93    10126     0.00     0.40     0.40
  22-Sep-93    10127     0.00     0.00     0.00
  23-Sep-93    10128     0.00     3.85     3.85
  24-Sep-93    10129     0.00     3.93     3.93
  25-Sep-93    10130     0.28     0.07     0.35
  26-Sep-93    10131     0.67     1.71     2.38
  27-Sep-93    10132     3.33     0.56     3.89
  28-Sep-93    10133     0.82     2.05     2.87
  29-Sep-93    10134     1.71     0.00     1.71
  30-Sep-93    10135     2.99     5.10     8.09
  01-Oct-93    10136     1.75     3.73     5.48
  02-Oct-93    10137     4.72     1.04     5.76
  03-Oct-93    10138     8.16     0.00     8.16
  04-Oct-93    10139     2.45     1.11     3.56
  05-Oct-93    10140     1.40     3.19     4.59
  06-Oct-93    10141     0.65     1.14     1.79
  07-Oct-93    10142     1.79     2.56     4.35
  08-Oct-93    10143     1.38     0.46     1.84
  09-Oct-93    10144     5.25     2.00     7.25
  10-Oct-93    10145     0.00     1.02     1.02
  11-Oct-93    10146     0.00     0.35     0.35
  12-Oct-93    10147     0.00     3.13     3.13
  13-Oct-93    10148     0.00     0.85     0.85
  14-Oct-93    10149     0.00     0.00     0.00
  15-Oct-93    10150     3.76     0.00     3.76
  16-Oct-93    10151     0.00     1.88     1.88
  17-Oct-93    10152     0.00     0.43     0.43
  18-Oct-93    10153     0.78     1.82     2.60
  19-Oct-93    10154     1.10     0.14     1.24
  20-Oct-93    10155     7.07     0.12     7.19
  21-Oct-93    10156     0.00     0.46     0.46
  22-Oct-93    10157     0.00     0.00     0.00
  23-Oct-93    10158     0.37     0.00     0.37
  24-Oct-93    10159     0.00     0.19     0.19
  25-Oct-93    10160     1.55     0.00     1.55
  26-Oct-93    10161     1.00     0.45     1.45
  27-Oct-93    10162     1.12     0.00     1.12
  28-Oct-93    10163     1.26     0.00     1.26
  29-Oct-93    10164     0.81     0.18     0.99
  30-Oct-93    10165     0.00     0.92     0.92
  31-Oct-93    10166     0.38    21.68    22.06
  01-Nov-93    10167     0.00     4.00     4.00
  02-Nov-93    10168     0.00     0.33     0.33
  03-Nov-93    10169     0.00     0.59     0.59
  04-Nov-93    10170     0.00     0.96     0.96
  05-Nov-93    10171     0.00     0.00     0.00
  06-Nov-93    10172     0.00     0.00     0.00
  07-Nov-93    10173     0.00     0.00     0.00
  08-Nov-93    10174     0.00     0.77     0.77
  09-Nov-93    10175     0.00     1.04     1.04
  10-Nov-93    10176     0.00     0.00     0.00
  11-Nov-93    10177     0.00     0.00     0.00
  12-Nov-93    10178     3.41     0.00     3.41
  13-Nov-93    10179    12.55     0.00    12.55
  14-Nov-93    10180     1.17     0.00     1.17
  15-Nov-93    10181     0.95     0.00     0.95
  16-Nov-93    10182     0.86     0.00     0.86
  17-Nov-93    10183     0.06     0.00     0.06
  18-Nov-93    10184     2.71     0.00     2.71
  19-Nov-93    10185     0.25     0.00     0.25
  20-Nov-93    10186     1.73     0.00     1.73
  21-Nov-93    10187     0.15     0.00     0.15
  22-Nov-93    10188     1.07     0.00     1.07
  23-Nov-93    10189     1.23     0.00     1.23
  24-Nov-93    10190     3.35     0.00     3.35
  25-Nov-93    10191     8.03     0.00     8.03
  26-Nov-93    10192     1.76     0.11     1.87
  27-Nov-93    10193     0.41     0.00     0.41
  28-Nov-93    10194     0.00     0.32     0.32
  29-Nov-93    10195     0.00     0.36     0.36
  30-Nov-93    10196     0.78     0.00     0.78
  01-Dec-93    10197     4.25     0.19     4.44
  02-Dec-93    10198     0.00     2.52     2.52
  03-Dec-93    10199     0.00     2.10     2.10
  04-Dec-93    10200     0.23     2.25     2.48
  05-Dec-93    10201     0.00     0.66     0.66
  06-Dec-93    10202     0.00     8.74     8.74
  07-Dec-93    10203     0.00     4.54     4.54
  08-Dec-93    10204     0.00     3.42     3.42
  09-Dec-93    10205     0.00     0.15     0.15
  10-Dec-93    10206     0.00     0.00     0.00
  11-Dec-93    10207     0.00     0.00     0.00
  12-Dec-93    10208     0.00     1.37     1.37
  13-Dec-93    10209     0.00     0.45     0.45
  14-Dec-93    10210     0.00     0.79     0.79
  15-Dec-93    10211     0.00     0.00     0.00
  16-Dec-93    10212     0.02     0.00     0.02
  17-Dec-93    10213     2.33     0.00     2.33
  18-Dec-93    10214     2.05     0.00     2.05
  19-Dec-93    10215     0.13     0.00     0.13
  20-Dec-93    10216     1.26     0.00     1.26
  21-Dec-93    10217     0.00     0.00     0.00
  22-Dec-93    10218     6.04     0.00     6.04
  23-Dec-93    10219     5.60     0.00     5.60
  24-Dec-93    10220     9.81     0.00     9.81
  25-Dec-93    10221    12.38     0.24    12.62
  26-Dec-93    10222    14.43     0.00    14.43
  27-Dec-93    10223     4.71     0.00     4.71
  28-Dec-93    10224     7.85     0.00     7.85
  29-Dec-93    10225     1.92     1.40     3.32
  30-Dec-93    10226    17.43     1.21    18.64
  31-Dec-93    10227     4.09     0.48     4.57