
            DAILY SOLAR FLARE INDEX
           01 JAN 1998 - 31 DEC 1998
________________________________________________

  TIME (DAY)            NORTH    SOUTH    TOTAL
================================================
  01-Jan-98    11689     0.51     2.36     2.87
  02-Jan-98    11690     1.15     0.20     1.35
  03-Jan-98    11691     0.54     0.00     0.54
  04-Jan-98    11692     0.31     0.00     0.31
  05-Jan-98    11693     0.00     0.00     0.00
  06-Jan-98    11694     0.00     0.00     0.00
  07-Jan-98    11695     0.00     0.00     0.00
  08-Jan-98    11696     0.00     2.37     2.37
  09-Jan-98    11697     0.00     0.00     0.00
  10-Jan-98    11698     0.00     0.13     0.13
  11-Jan-98    11699     0.00     0.00     0.00
  12-Jan-98    11700     0.00     2.95     2.95
  13-Jan-98    11701     0.00     1.41     1.41
  14-Jan-98    11702     0.00     4.00     4.00
  15-Jan-98    11703     0.00     5.08     5.08
  16-Jan-98    11704     0.77     0.35     1.12
  17-Jan-98    11705     0.00     0.51     0.51
  18-Jan-98    11706     0.52     0.09     0.61
  19-Jan-98    11707     0.16     0.10     0.26
  20-Jan-98    11708     0.00     0.00     0.00
  21-Jan-98    11709     0.00     0.00     0.00
  22-Jan-98    11710     0.00     0.60     0.60
  23-Jan-98    11711     0.00     0.21     0.21
  24-Jan-98    11712     0.00     0.00     0.00
  25-Jan-98    11713     2.09     0.33     2.41
  26-Jan-98    11714     0.69     1.77     2.46
  27-Jan-98    11715     0.00     0.00     0.00
  28-Jan-98    11716     0.00     0.00     0.00
  29-Jan-98    11717     0.00     0.43     0.43
  30-Jan-98    11718     0.00     0.11     0.11
  31-Jan-98    11719     0.00     0.00     0.00
  01-Feb-98    11720     0.00     0.00     0.00
  02-Feb-98    11721     0.37     0.00     0.37
  03-Feb-98    11722     0.00     0.00     0.00
  04-Feb-98    11723     0.00     0.00     0.00
  05-Feb-98    11724     0.00     0.00     0.00
  06-Feb-98    11725     0.00     0.79     0.79
  07-Feb-98    11726     0.00     0.60     0.60
  08-Feb-98    11727     0.00     0.20     0.20
  09-Feb-98    11728     0.00     0.00     0.00
  10-Feb-98    11729     0.00     0.09     0.09
  11-Feb-98    11730     0.00     0.25     0.25
  12-Feb-98    11731     0.00     2.06     2.06
  13-Feb-98    11732     0.00     0.14     0.14
  14-Feb-98    11733     0.00     2.29     2.29
  15-Feb-98    11734     0.00     7.04     7.04
  16-Feb-98    11735     0.00     0.00     0.00
  17-Feb-98    11736     0.00     3.18     3.18
  18-Feb-98    11737     0.00     7.92     7.92
  19-Feb-98    11738     0.00     1.88     1.88
  20-Feb-98    11739     0.00     3.99     3.99
  21-Feb-98    11740     0.00     0.00     0.00
  22-Feb-98    11741     0.00     0.27     0.27
  23-Feb-98    11742     0.00     0.21     0.21
  24-Feb-98    11743     2.27     0.00     2.27
  25-Feb-98    11744     0.00     0.00     0.00
  26-Feb-98    11745     0.00     0.99     0.99
  27-Feb-98    11746     0.00     0.00     0.00
  28-Feb-98    11747     0.31     0.13     0.44
  01-Mar-98    11748     0.00     1.05     1.05
  02-Mar-98    11749     0.00     2.99     2.99
  03-Mar-98    11750     0.00     6.44     6.44
  04-Mar-98    11751     0.00     1.72     1.72
  05-Mar-98    11752     0.83     3.71     4.54
  06-Mar-98    11753     0.00     0.30     0.30
  07-Mar-98    11754     0.00     0.00     0.00
  08-Mar-98    11755     0.00     0.11     0.11
  09-Mar-98    11756     0.00     0.44     0.44
  10-Mar-98    11757     0.00     0.00     0.00
  11-Mar-98    11758     0.00     1.11     1.11
  12-Mar-98    11759     0.17     0.00     0.17
  13-Mar-98    11760     0.51     1.21     1.72
  14-Mar-98    11761     0.00     3.12     3.12
  15-Mar-98    11762     0.00    12.06    12.06
  16-Mar-98    11763     0.00    22.84    22.84
  17-Mar-98    11764     0.00     3.15     3.15
  18-Mar-98    11765     0.00     6.23     6.23
  19-Mar-98    11766     4.46     5.75    10.21
  20-Mar-98    11767     0.00     0.00     0.00
  21-Mar-98    11768     0.00     0.32     0.32
  22-Mar-98    11769     0.33     1.92     2.25
  23-Mar-98    11770     0.28     0.00     0.28
  24-Mar-98    11771     0.39     1.22     1.61
  25-Mar-98    11772     0.37     0.79     1.17
  26-Mar-98    11773     1.10    12.62    13.72
  27-Mar-98    11774     0.00    16.92    16.92
  28-Mar-98    11775     1.23     0.40     1.63
  29-Mar-98    11776     0.55     0.00     0.55
  30-Mar-98    11777     0.14     1.11     1.25
  31-Mar-98    11778     0.00     4.03     4.03
  01-Apr-98    11779     0.00     3.88     3.88
  02-Apr-98    11780     0.00     3.45     3.45
  03-Apr-98    11781     0.00     4.05     4.05
  04-Apr-98    11782     0.00     5.02     5.02
  05-Apr-98    11783     0.00     2.41     2.41
  06-Apr-98    11784     0.00     4.49     4.49
  07-Apr-98    11785     0.00     0.00     0.00
  08-Apr-98    11786     0.00     5.88     5.88
  09-Apr-98    11787     0.00     2.95     2.95
  10-Apr-98    11788     0.00     2.27     2.27
  11-Apr-98    11789     0.00     8.89     8.89
  12-Apr-98    11790     0.02     0.60     0.63
  13-Apr-98    11791     0.00     1.31     1.31
  14-Apr-98    11792     0.00     0.25     0.25
  15-Apr-98    11793     2.79     2.49     5.27
  16-Apr-98    11794     0.62     0.23     0.85
  17-Apr-98    11795     0.00     0.00     0.00
  18-Apr-98    11796     0.38     0.00     0.38
  19-Apr-98    11797     0.99     0.00     0.99
  20-Apr-98    11798     0.00     0.00     0.00
  21-Apr-98    11799     0.28     0.00     0.28
  22-Apr-98    11800     1.29     0.00     1.29
  23-Apr-98    11801     0.11     0.00     0.11
  24-Apr-98    11802     0.00     0.00     0.00
  25-Apr-98    11803     0.00     7.44     7.44
  26-Apr-98    11804     0.00     0.11     0.11
  27-Apr-98    11805     0.00    26.95    26.95
  28-Apr-98    11806     0.00     1.65     1.65
  29-Apr-98    11807     0.00    55.99    55.99
  30-Apr-98    11808     4.23     5.65     9.88
  01-May-98    11809     8.65     6.18    14.83
  02-May-98    11810     3.25    25.34    28.59
  03-May-98    11811     1.64     8.19     9.83
  04-May-98    11812     3.45     6.40     9.85
  05-May-98    11813    12.09    10.64    22.72
  06-May-98    11814     4.41    15.81    20.22
  07-May-98    11815     6.46     4.06    10.53
  08-May-98    11816     5.45     0.96     6.41
  09-May-98    11817     2.90     0.00     2.90
  10-May-98    11818     0.00     1.13     1.13
  11-May-98    11819     0.08     3.65     3.73
  12-May-98    11820     0.00     3.17     3.17
  13-May-98    11821     0.00     1.98     1.98
  14-May-98    11822     0.43     4.11     4.54
  15-May-98    11823     0.62     0.34     0.96
  16-May-98    11824     0.44     1.11     1.54
  17-May-98    11825     0.00     0.00     0.00
  18-May-98    11826     0.00     0.00     0.00
  19-May-98    11827     0.00     0.00     0.00
  20-May-98    11828     0.00     0.00     0.00
  21-May-98    11829     0.00     0.00     0.00
  22-May-98    11830     0.00     0.00     0.00
  23-May-98    11831     0.32     0.00     0.32
  24-May-98    11832     1.51     0.00     1.51
  25-May-98    11833     0.00     0.00     0.00
  26-May-98    11834     0.80     0.14     0.94
  27-May-98    11835     5.03     6.03    11.06
  28-May-98    11836     2.35     0.11     2.47
  29-May-98    11837     1.56     0.48     2.05
  30-May-98    11838     0.00     0.00     0.00
  31-May-98    11839     0.17     0.27     0.44
  01-Jun-98    11840     0.50     0.00     0.50
  02-Jun-98    11841     0.18     0.27     0.45
  03-Jun-98    11842     3.20     0.38     3.58
  04-Jun-98    11843     0.00     2.01     2.01
  05-Jun-98    11844     0.65     0.90     1.54
  06-Jun-98    11845     0.48     0.17     0.65
  07-Jun-98    11846     0.21     2.04     2.25
  08-Jun-98    11847     0.00     5.58     5.58
  09-Jun-98    11848     0.00     0.50     0.50
  10-Jun-98    11849     0.00     1.12     1.12
  11-Jun-98    11850     0.00     0.77     0.77
  12-Jun-98    11851     0.28     3.31     3.59
  13-Jun-98    11852     0.00     5.17     5.17
  14-Jun-98    11853     1.10     1.04     2.15
  15-Jun-98    11854     0.10     0.00     0.10
  16-Jun-98    11855     0.00     0.48     0.48
  17-Jun-98    11856     2.16     0.00     2.16
  18-Jun-98    11857     1.15     0.10     1.24
  19-Jun-98    11858     0.49     0.83     1.32
  20-Jun-98    11859     3.98     0.00     3.98
  21-Jun-98    11860     1.60     0.00     1.60
  22-Jun-98    11861     2.38     0.15     2.52
  23-Jun-98    11862     3.56     0.00     3.56
  24-Jun-98    11863     4.30     0.00     4.30
  25-Jun-98    11864     2.82     0.00     2.82
  26-Jun-98    11865     1.50     0.00     1.50
  27-Jun-98    11866     7.24     0.00     7.24
  28-Jun-98    11867     2.42     0.10     2.52
  29-Jun-98    11868     1.45     3.17     4.62
  30-Jun-98    11869     2.25     0.00     2.25
  01-Jul-98    11870     1.57     2.35     3.92
  02-Jul-98    11871     1.02     0.14     1.16
  03-Jul-98    11872     0.07     1.47     1.54
  04-Jul-98    11873     0.41     8.78     9.19
  05-Jul-98    11874    12.08     2.17    14.25
  06-Jul-98    11875     0.00     0.02     0.02
  07-Jul-98    11876     1.35     0.00     1.35
  08-Jul-98    11877     0.50     0.00     0.50
  09-Jul-98    11878     1.04     1.02     2.06
  10-Jul-98    11879     0.00     2.45     2.45
  11-Jul-98    11880     0.40     1.24     1.64
  12-Jul-98    11881     0.00     0.00     0.00
  13-Jul-98    11882     0.28     0.34     0.62
  14-Jul-98    11883     1.39     2.90     4.29
  15-Jul-98    11884     0.19     5.02     5.21
  16-Jul-98    11885     0.00     6.23     6.23
  17-Jul-98    11886     0.00     1.28     1.28
  18-Jul-98    11887     0.00     0.00     0.00
  19-Jul-98    11888     0.00     2.69     2.69
  20-Jul-98    11889     1.10     3.23     4.34
  21-Jul-98    11890     0.80     1.09     1.89
  22-Jul-98    11891     0.78     0.45     1.24
  23-Jul-98    11892     2.52     0.62     3.14
  24-Jul-98    11893     5.00     1.11     6.11
  25-Jul-98    11894     1.02     1.57     2.59
  26-Jul-98    11895     0.00     1.92     1.92
  27-Jul-98    11896     0.68     0.00     0.68
  28-Jul-98    11897     1.49     0.59     2.08
  29-Jul-98    11898     0.41     0.00     0.41
  30-Jul-98    11899     0.29     0.00     0.29
  31-Jul-98    11900    11.11     0.21    11.32
  01-Aug-98    11901     0.32     2.07     2.40
  02-Aug-98    11902     0.00     1.71     1.71
  03-Aug-98    11903     0.00     0.14     0.14
  04-Aug-98    11904     1.19     0.45     1.64
  05-Aug-98    11905     0.00     1.69     1.69
  06-Aug-98    11906     1.86     4.87     6.73
  07-Aug-98    11907     7.45     1.77     9.22
  08-Aug-98    11908     4.16     0.13     4.29
  09-Aug-98    11909    10.81     0.94    11.75
  10-Aug-98    11910     3.10     3.86     6.96
  11-Aug-98    11911     0.23     0.09     0.32
  12-Aug-98    11912     0.55     0.49     1.04
  13-Aug-98    11913     2.80     1.11     3.91
  14-Aug-98    11914     2.54     2.54     5.08
  15-Aug-98    11915     0.63     0.85     1.48
  16-Aug-98    11916     0.85     0.00     0.85
  17-Aug-98    11917     1.75     0.00     1.75
  18-Aug-98    11918    11.72     0.00    11.72
  19-Aug-98    11919     5.40     0.00     5.40
  20-Aug-98    11920     4.86     1.84     6.70
  21-Aug-98    11921     1.16     0.00     1.16
  22-Aug-98    11922    16.53     0.00    16.53
  23-Aug-98    11923     7.53     0.00     7.53
  24-Aug-98    11924    34.06     0.00    34.06
  25-Aug-98    11925     0.18     0.00     0.18
  26-Aug-98    11926     0.00     0.00     0.00
  27-Aug-98    11927     1.27     0.00     1.27
  28-Aug-98    11928     0.00     0.26     0.26
  29-Aug-98    11929     1.59     0.00     1.59
  30-Aug-98    11930    12.75     2.66    15.41
  31-Aug-98    11931     8.16     2.61    10.77
  01-Sep-98    11932     6.43     7.00    13.43
  02-Sep-98    11933     0.98     1.38     2.36
  03-Sep-98    11934     2.60     6.70     9.30
  04-Sep-98    11935     0.15     0.54     0.69
  05-Sep-98    11936     2.25     1.16     3.42
  06-Sep-98    11937     1.24     2.67     3.91
  07-Sep-98    11938     0.00     0.36     0.36
  08-Sep-98    11939     4.03     0.25     4.28
  09-Sep-98    11940     3.80     0.53     4.33
  10-Sep-98    11941     4.02     0.63     4.64
  11-Sep-98    11942    10.71     0.00    10.71
  12-Sep-98    11943     2.99     0.00     2.99
  13-Sep-98    11944     7.58     0.00     7.58
  14-Sep-98    11945     0.21     0.69     0.90
  15-Sep-98    11946     0.30     0.13     0.43
  16-Sep-98    11947     0.00     0.00     0.00
  17-Sep-98    11948     0.00     0.00     0.00
  18-Sep-98    11949     0.00     2.72     2.72
  19-Sep-98    11950     0.60     1.09     1.68
  20-Sep-98    11951    12.09     0.61    12.70
  21-Sep-98    11952     6.28     0.00     6.28
  22-Sep-98    11953     0.90     0.33     1.22
  23-Sep-98    11954    26.95     1.15    28.10
  24-Sep-98    11955     1.40     1.33     2.73
  25-Sep-98    11956     3.45     2.11     5.56
  26-Sep-98    11957     0.88     2.51     3.39
  27-Sep-98    11958     2.39     3.56     5.95
  28-Sep-98    11959     1.27     0.34     1.61
  29-Sep-98    11960     1.27     0.00     1.27
  30-Sep-98    11961     9.63     1.38    11.01
  01-Oct-98    11962     0.00     0.67     0.67
  02-Oct-98    11963     0.09     0.34     0.43
  03-Oct-98    11964     0.50     0.00     0.50
  04-Oct-98    11965     0.98     0.00     0.98
  05-Oct-98    11966     0.65     0.00     0.65
  06-Oct-98    11967     0.00     0.00     0.00
  07-Oct-98    11968     1.47    13.82    15.29
  08-Oct-98    11969     0.46     3.69     4.15
  09-Oct-98    11970     0.63     2.19     2.81
  10-Oct-98    11971     0.61     0.00     0.61
  11-Oct-98    11972     1.33     0.52     1.85
  12-Oct-98    11973     0.00     0.72     0.72
  13-Oct-98    11974     2.33     0.00     2.33
  14-Oct-98    11975     0.86     3.09     3.94
  15-Oct-98    11976     0.35     0.42     0.77
  16-Oct-98    11977     1.88     2.98     4.85
  17-Oct-98    11978     4.93     0.00     4.93
  18-Oct-98    11979     3.02     0.00     3.02
  19-Oct-98    11980     4.36     0.00     4.36
  20-Oct-98    11981     1.35     0.74     2.09
  21-Oct-98    11982     0.00     0.67     0.67
  22-Oct-98    11983     0.23     2.07     2.30
  23-Oct-98    11984     0.38     1.19     1.57
  24-Oct-98    11985     0.00     0.53     0.53
  25-Oct-98    11986     0.34     0.34     0.69
  26-Oct-98    11987     0.23     0.00     0.23
  27-Oct-98    11988     0.00     0.00     0.00
  28-Oct-98    11989     0.98     0.00     0.98
  29-Oct-98    11990     0.10     0.25     0.35
  30-Oct-98    11991     0.00     0.00     0.00
  31-Oct-98    11992     0.04     0.00     0.04
  01-Nov-98    11993     1.22     0.33     1.56
  02-Nov-98    11994     0.25     8.14     8.39
  03-Nov-98    11995     4.85     0.00     4.85
  04-Nov-98    11996    12.83     0.71    13.55
  05-Nov-98    11997    39.93     1.40    41.33
  06-Nov-98    11998     9.10     0.75     9.85
  07-Nov-98    11999     3.94     0.48     4.42
  08-Nov-98    12000    39.20     1.43    40.63
  09-Nov-98    12001     6.00     0.00     6.00
  10-Nov-98    12002     3.84     0.07     3.91
  11-Nov-98    12003     0.90     0.56     1.46
  12-Nov-98    12004     2.03     0.34     2.37
  13-Nov-98    12005     1.35     0.15     1.50
  14-Nov-98    12006     0.95     0.44     1.40
  15-Nov-98    12007     0.09     0.00     0.09
  16-Nov-98    12008     0.00     0.00     0.00
  17-Nov-98    12009     0.00     0.39     0.39
  18-Nov-98    12010     0.00     0.00     0.00
  19-Nov-98    12011     0.00     0.00     0.00
  20-Nov-98    12012     0.00     0.00     0.00
  21-Nov-98    12013     0.00     0.00     0.00
  22-Nov-98    12014     0.00     0.09     0.09
  23-Nov-98    12015     0.00     5.00     5.00
  24-Nov-98    12016     0.41     0.96     1.37
  25-Nov-98    12017     1.30     2.08     3.38
  26-Nov-98    12018     1.58     1.24     2.82
  27-Nov-98    12019     1.21    14.87    16.07
  28-Nov-98    12020    43.66     0.00    43.66
  29-Nov-98    12021     3.10     0.00     3.10
  30-Nov-98    12022     2.66     0.72     3.38
  01-Dec-98    12023     4.81     0.16     4.98
  02-Dec-98    12024     3.42     0.00     3.42
  03-Dec-98    12025     2.36     0.00     2.36
  04-Dec-98    12026     0.99     0.00     0.99
  05-Dec-98    12027     0.57     0.11     0.68
  06-Dec-98    12028     2.08     0.96     3.04
  07-Dec-98    12029     1.34     1.71     3.05
  08-Dec-98    12030     1.12    22.66    23.78
  09-Dec-98    12031     1.79     5.32     7.11
  10-Dec-98    12032     0.00     1.85     1.85
  11-Dec-98    12033     0.00     5.31     5.31
  12-Dec-98    12034     0.00     4.54     4.54
  13-Dec-98    12035     0.00     3.15     3.15
  14-Dec-98    12036     0.00     2.44     2.44
  15-Dec-98    12037     0.37     0.96     1.33
  16-Dec-98    12038     0.42     3.02     3.44
  17-Dec-98    12039     3.41     5.98     9.39
  18-Dec-98    12040    19.40     0.50    19.90
  19-Dec-98    12041     1.25     0.33     1.58
  20-Dec-98    12042     3.45     0.00     3.45
  21-Dec-98    12043     3.01     0.00     3.01
  22-Dec-98    12044     1.79     0.00     1.79
  23-Dec-98    12045     1.95     0.00     1.95
  24-Dec-98    12046     6.86     0.00     6.86
  25-Dec-98    12047     1.99     0.00     1.99
  26-Dec-98    12048     7.35     0.08     7.44
  27-Dec-98    12049     3.05     0.23     3.28
  28-Dec-98    12050    21.10     1.46    22.56
  29-Dec-98    12051    13.14     0.53    13.67
  30-Dec-98    12052     6.04     0.00     6.04
  31-Dec-98    12053     4.33     0.00     4.33