
            DAILY SOLAR FLARE INDEX
           01 JAN 2000 - 31 DEC 2000
________________________________________________

 TIME (DAY)            NORTH    SOUTH    TOTAL
================================================
01-Jan-2000    12419     0.17     0.00     0.17
02-Jan-2000    12420     0.00     0.39     0.39
03-Jan-2000    12421     1.03     0.00     1.03
04-Jan-2000    12422     0.62     0.00     0.62
05-Jan-2000    12423     0.00     0.00     0.00
06-Jan-2000    12424     2.43     0.00     2.43
07-Jan-2000    12425     2.92     0.00     2.92
08-Jan-2000    12426     1.15     0.44     1.58
09-Jan-2000    12427     1.11     0.79     1.90
10-Jan-2000    12428     0.21     6.40     6.61
11-Jan-2000    12429     0.54     4.33     4.87
12-Jan-2000    12430     1.51     5.49     7.01
13-Jan-2000    12431     4.04     1.18     5.22
14-Jan-2000    12432     0.00     1.81     1.81
15-Jan-2000    12433     0.34     0.98     1.32
16-Jan-2000    12434     0.27     1.03     1.30
17-Jan-2000    12435     0.16     2.03     2.19
18-Jan-2000    12436     0.21     7.13     7.34
19-Jan-2000    12437     0.18     0.28     0.46
20-Jan-2000    12438     0.12     2.28     2.40
21-Jan-2000    12439     0.44     1.17     1.62
22-Jan-2000    12440     0.00     0.95     0.95
23-Jan-2000    12441     0.00     0.00     0.00
24-Jan-2000    12442     0.12     0.50     0.62
25-Jan-2000    12443     3.67     0.73     4.40
26-Jan-2000    12444     0.08     0.46     0.54
27-Jan-2000    12445     0.13     0.35     0.48
28-Jan-2000    12446     0.06     4.15     4.21
29-Jan-2000    12447     0.00     0.26     0.26
30-Jan-2000    12448     0.00     0.41     0.41
31-Jan-2000    12449     0.07     1.20     1.26
01-Feb-2000    12450     0.00     0.19     0.19
02-Feb-2000    12451     0.00     0.09     0.09
03-Feb-2000    12452     0.09     0.68     0.78
04-Feb-2000    12453     4.83     0.08     4.92
05-Feb-2000    12454    11.58     0.00    11.58
06-Feb-2000    12455     4.79     1.17     5.96
07-Feb-2000    12456     6.29     0.31     6.60
08-Feb-2000    12457     7.29     0.14     7.43
09-Feb-2000    12458     3.36     7.72    11.08
10-Feb-2000    12459     8.10     1.00     9.10
11-Feb-2000    12460     0.57     0.50     1.07
12-Feb-2000    12461     6.83     0.00     6.83
13-Feb-2000    12462     0.57     1.69     2.26
14-Feb-2000    12463     0.44     0.27     0.71
15-Feb-2000    12464     1.79     0.99     2.78
16-Feb-2000    12465     0.76     1.44     2.20
17-Feb-2000    12466     0.00    15.42    15.42
18-Feb-2000    12467     0.00     1.52     1.52
19-Feb-2000    12468     0.00    17.21    17.21
20-Feb-2000    12469     0.00     4.76     4.76
21-Feb-2000    12470     0.27     8.80     9.06
22-Feb-2000    12471     0.60     1.00     1.61
23-Feb-2000    12472     2.43     0.26     2.69
24-Feb-2000    12473     0.84     0.28     1.12
25-Feb-2000    12474     2.12     0.66     2.78
26-Feb-2000    12475     8.24     1.17     9.41
27-Feb-2000    12476     1.60     4.54     6.14
28-Feb-2000    12477     0.15     0.81     0.96
29-Feb-2000    12478     0.26     4.51     4.77
01-Mar-2000    12479     1.66     1.16     2.82
02-Mar-2000    12480     1.20    13.47    14.67
03-Mar-2000    12481     2.31    11.06    13.37
04-Mar-2000    12482     0.06     2.22     2.29
05-Mar-2000    12483     0.00     6.78     6.78
06-Mar-2000    12484     0.26     1.66     1.92
07-Mar-2000    12485     0.00     3.99     3.99
08-Mar-2000    12486     0.00     0.81     0.81
09-Mar-2000    12487     0.44     0.84     1.28
10-Mar-2000    12488     0.48    10.38    10.85
11-Mar-2000    12489     1.87     8.36    10.23
12-Mar-2000    12490     4.93     8.07    13.00
13-Mar-2000    12491     0.54     5.01     5.56
14-Mar-2000    12492     2.39     2.80     5.19
15-Mar-2000    12493     0.00     6.89     6.89
16-Mar-2000    12494     5.94     7.59    13.52
17-Mar-2000    12495     1.04     6.30     7.35
18-Mar-2000    12496     9.93     4.90    14.83
19-Mar-2000    12497    21.87     3.16    25.02
20-Mar-2000    12498    15.14     3.12    18.26
21-Mar-2000    12499    11.96     0.67    12.62
22-Mar-2000    12500     8.21     1.90    10.11
23-Mar-2000    12501    11.84     2.18    14.02
24-Mar-2000    12502    13.73     1.57    15.30
25-Mar-2000    12503     3.97     3.55     7.52
26-Mar-2000    12504     1.31     3.69     5.00
27-Mar-2000    12505     1.98     7.55     9.53
28-Mar-2000    12506     0.51     3.68     4.18
29-Mar-2000    12507     0.13     1.54     1.67
30-Mar-2000    12508     1.32    14.21    15.53
31-Mar-2000    12509     3.68     8.87    12.55
01-Apr-2000    12510     9.04     7.40    16.44
02-Apr-2000    12511     4.11     3.55     7.66
03-Apr-2000    12512     1.32     3.80     5.12
04-Apr-2000    12513    14.87    10.58    25.45
05-Apr-2000    12514     2.20     1.42     3.62
06-Apr-2000    12515     0.65     6.94     7.58
07-Apr-2000    12516     0.15     2.79     2.94
08-Apr-2000    12517     0.33     6.97     7.30
09-Apr-2000    12518     0.51    10.99    11.50
10-Apr-2000    12519     0.20     4.82     5.02
11-Apr-2000    12520     0.54     7.61     8.16
12-Apr-2000    12521     0.57     4.95     5.52
13-Apr-2000    12522     0.00     1.10     1.10
14-Apr-2000    12523     0.20     3.76     3.95
15-Apr-2000    12524     0.12     7.55     7.67
16-Apr-2000    12525     0.19     6.22     6.41
17-Apr-2000    12526     0.00     2.96     2.96
18-Apr-2000    12527     2.37     0.52     2.89
19-Apr-2000    12528     8.49     1.30     9.79
20-Apr-2000    12529     4.73     1.33     6.07
21-Apr-2000    12530     3.85     2.90     6.75
22-Apr-2000    12531     5.83     1.56     7.40
23-Apr-2000    12532     4.15     0.19     4.33
24-Apr-2000    12533    11.35     0.00    11.35
25-Apr-2000    12534     4.98     0.19     5.17
26-Apr-2000    12535     3.49     3.23     6.72
27-Apr-2000    12536     1.10     3.90     5.00
28-Apr-2000    12537     1.84     0.22     2.06
29-Apr-2000    12538     0.77     0.71     1.48
30-Apr-2000    12539     1.10     5.77     6.87
01-May-2000    12540     1.73     0.54     2.27
02-May-2000    12541     1.84     0.51     2.35
03-May-2000    12542     0.00     0.00     0.00
04-May-2000    12543     0.08     4.98     5.06
05-May-2000    12544     0.40     1.15     1.54
06-May-2000    12545     0.00     0.00     0.00
07-May-2000    12546     6.11     0.00     6.11
08-May-2000    12547     3.71     0.00     3.71
09-May-2000    12548     6.03     0.15     6.18
10-May-2000    12549     7.89     0.29     8.18
11-May-2000    12550     0.20     1.89     2.09
12-May-2000    12551     5.67     5.19    10.86
13-May-2000    12552     2.35    12.58    14.94
14-May-2000    12553     2.17     6.79     8.96
15-May-2000    12554     8.20    13.23    21.43
16-May-2000    12555     2.49     6.05     8.54
17-May-2000    12556     3.27     7.23    10.50
18-May-2000    12557    15.84     7.89    23.73
19-May-2000    12558     6.96     5.46    12.42
20-May-2000    12559     5.54     7.78    13.32
21-May-2000    12560     2.33     4.06     6.40
22-May-2000    12561     1.07     4.33     5.40
23-May-2000    12562    11.93     4.10    16.04
24-May-2000    12563     2.21     1.94     4.15
25-May-2000    12564     3.13     2.01     5.14
26-May-2000    12565     3.82     1.88     5.70
27-May-2000    12566     0.08     2.61     2.70
28-May-2000    12567     0.00     1.85     1.85
29-May-2000    12568     0.00     1.67     1.67
30-May-2000    12569     0.00     0.09     0.09
31-May-2000    12570     0.38     0.00     0.38
01-Jun-2000    12571     5.00     4.20     9.20
02-Jun-2000    12572    29.01     0.56    29.57
03-Jun-2000    12573    18.87     0.00    18.87
04-Jun-2000    12574     7.21     0.83     8.04
05-Jun-2000    12575     4.04     6.08    10.12
06-Jun-2000    12576    83.39     5.00    88.39
07-Jun-2000    12577    34.19     4.55    38.74
08-Jun-2000    12578    15.04     0.51    15.55
09-Jun-2000    12579     3.00     0.00     3.00
10-Jun-2000    12580    21.41     3.79    25.20
11-Jun-2000    12581     7.93     0.57     8.50
12-Jun-2000    12582     7.06     0.78     7.84
13-Jun-2000    12583    10.19     0.00    10.19
14-Jun-2000    12584     9.04     1.27    10.31
15-Jun-2000    12585    23.57     0.49    24.05
16-Jun-2000    12586     8.74     1.15     9.88
17-Jun-2000    12587    22.86     0.30    23.16
18-Jun-2000    12588     1.53     0.00     1.53
19-Jun-2000    12589     2.68     0.13     2.81
20-Jun-2000    12590     5.87     0.67     6.53
21-Jun-2000    12591     9.23     0.40     9.63
22-Jun-2000    12592    16.78     0.11    16.89
23-Jun-2000    12593    10.49     1.45    11.94
24-Jun-2000    12594     2.55     0.27     2.82
25-Jun-2000    12595    12.27     7.98    20.25
26-Jun-2000    12596    10.87     2.09    12.96
27-Jun-2000    12597     0.58     7.41     7.99
28-Jun-2000    12598     0.10     0.30     0.40
29-Jun-2000    12599     0.13     0.17     0.30
30-Jun-2000    12600     0.36     0.00     0.36
01-Jul-2000    12601     1.03     1.89     2.92
02-Jul-2000    12602     2.56     2.15     4.71
03-Jul-2000    12603     0.28     1.09     1.37
04-Jul-2000    12604     2.82     6.63     9.44
05-Jul-2000    12605     1.19     0.00     1.19
06-Jul-2000    12606     6.20     0.72     6.91
07-Jul-2000    12607    16.21     0.79    17.00
08-Jul-2000    12608    11.68     6.87    18.56
09-Jul-2000    12609    13.74     0.27    14.01
10-Jul-2000    12610    36.38     4.80    41.18
11-Jul-2000    12611    62.73     7.16    69.89
12-Jul-2000    12612    33.78     1.37    35.15
13-Jul-2000    12613    37.77     0.37    38.15
14-Jul-2000    12614    54.76     4.37    59.13
15-Jul-2000    12615     5.78     7.94    13.72
16-Jul-2000    12616    11.16     6.67    17.83
17-Jul-2000    12617    14.25    17.42    31.67
18-Jul-2000    12618    29.48    58.26    87.73
19-Jul-2000    12619     9.36    21.66    31.02
20-Jul-2000    12620    12.06    14.33    26.40
21-Jul-2000    12621    73.13     5.66    78.79
22-Jul-2000    12622    19.44    11.48    30.92
23-Jul-2000    12623     6.77    10.85    17.63
24-Jul-2000    12624     8.02     2.00    10.02
25-Jul-2000    12625    14.90    11.00    25.90
26-Jul-2000    12626     4.35     0.72     5.08
27-Jul-2000    12627     8.56     0.30     8.87
28-Jul-2000    12628     3.75     0.00     3.75
29-Jul-2000    12629     0.83     0.60     1.43
30-Jul-2000    12630     0.72     0.00     0.72
31-Jul-2000    12631     0.00     0.00     0.00
01-Aug-2000    12632     0.23     0.25     0.48
02-Aug-2000    12633     2.08     0.15     2.23
03-Aug-2000    12634     0.90     0.38     1.27
04-Aug-2000    12635     1.17     1.38     2.55
05-Aug-2000    12636     0.23     0.65     0.89
06-Aug-2000    12637     5.25     0.75     6.00
07-Aug-2000    12638     2.14     0.20     2.34
08-Aug-2000    12639     0.32     0.54     0.87
09-Aug-2000    12640     5.07     0.23     5.30
10-Aug-2000    12641     2.26     1.20     3.47
11-Aug-2000    12642     6.48     1.90     8.37
12-Aug-2000    12643    10.35     3.57    13.92
13-Aug-2000    12644     6.92     0.60     7.52
14-Aug-2000    12645     3.65     2.48     6.13
15-Aug-2000    12646     3.47     3.63     7.10
16-Aug-2000    12647     0.61     0.26     0.87
17-Aug-2000    12648     3.77     1.34     5.12
18-Aug-2000    12649     1.30     2.14     3.45
19-Aug-2000    12650     5.15     0.71     5.85
20-Aug-2000    12651    10.15     1.02    11.17
21-Aug-2000    12652     3.29     0.31     3.60
22-Aug-2000    12653     1.20     0.69     1.89
23-Aug-2000    12654     2.28     1.23     3.51
24-Aug-2000    12655     0.21     0.34     0.55
25-Aug-2000    12656     1.04     1.54     2.58
26-Aug-2000    12657     2.13     0.35     2.48
27-Aug-2000    12658     1.79     7.10     8.90
28-Aug-2000    12659     0.48     6.62     7.10
29-Aug-2000    12660     1.17     1.89     3.06
30-Aug-2000    12661     1.06     0.13     1.19
31-Aug-2000    12662     0.00     3.50     3.50
01-Sep-2000    12663     1.74     0.38     2.12
02-Sep-2000    12664     4.73     0.04     4.77
03-Sep-2000    12665     0.08     3.83     3.91
04-Sep-2000    12666     1.05     8.41     9.46
05-Sep-2000    12667     0.59     0.41     1.00
06-Sep-2000    12668     1.00     2.13     3.13
07-Sep-2000    12669     4.57     0.00     4.57
08-Sep-2000    12670     0.63     0.07     0.69
09-Sep-2000    12671     5.42     0.17     5.59
10-Sep-2000    12672     0.22     0.05     0.26
11-Sep-2000    12673     1.25     0.44     1.69
12-Sep-2000    12674     0.40    22.98    23.38
13-Sep-2000    12675     0.00     0.02     0.02
14-Sep-2000    12676     3.17     1.46     4.63
15-Sep-2000    12677     9.58     1.13    10.71
16-Sep-2000    12678    15.42     3.06    18.48
17-Sep-2000    12679     5.88     1.79     7.67
18-Sep-2000    12680     3.79     8.55    12.34
19-Sep-2000    12681    12.28     3.96    16.24
20-Sep-2000    12682     2.94     0.09     3.02
21-Sep-2000    12683     1.87     0.26     2.13
22-Sep-2000    12684     5.48     1.99     7.47
23-Sep-2000    12685     8.07     8.91    16.98
24-Sep-2000    12686     0.60    12.56    13.17
25-Sep-2000    12687     5.63     1.98     7.60
26-Sep-2000    12688     0.75     2.00     2.75
27-Sep-2000    12689     4.15     3.29     7.44
28-Sep-2000    12690     1.94     4.26     6.20
29-Sep-2000    12691     0.96     4.38     5.33
30-Sep-2000    12692     0.38     5.92     6.30
01-Oct-2000    12693     1.13    14.01    15.14
02-Oct-2000    12694     5.18     3.98     9.16
03-Oct-2000    12695     1.76     0.61     2.38
04-Oct-2000    12696     0.00     1.88     1.88
05-Oct-2000    12697     2.95     0.21     3.16
06-Oct-2000    12698     0.00     0.49     0.49
07-Oct-2000    12699     0.00     0.84     0.84
08-Oct-2000    12700     0.23     1.07     1.30
09-Oct-2000    12701     4.95     0.81     5.75
10-Oct-2000    12702     1.01     0.66     1.67
11-Oct-2000    12703     1.50     0.32     1.82
12-Oct-2000    12704     1.66     0.00     1.66
13-Oct-2000    12705     7.44     0.52     7.96
14-Oct-2000    12706     3.67     3.26     6.93
15-Oct-2000    12707     0.70     2.48     3.17
16-Oct-2000    12708     0.36     0.15     0.51
17-Oct-2000    12709     1.47     0.60     2.07
18-Oct-2000    12710     0.33     0.13     0.46
19-Oct-2000    12711     0.79     2.11     2.91
20-Oct-2000    12712     1.20     0.00     1.20
21-Oct-2000    12713     4.31     0.00     4.31
22-Oct-2000    12714     1.03     0.00     1.03
23-Oct-2000    12715     1.95     0.00     1.95
24-Oct-2000    12716     0.22     0.00     0.22
25-Oct-2000    12717     0.00     0.99     0.99
26-Oct-2000    12718     1.53     5.61     7.14
27-Oct-2000    12719     0.00     0.00     0.00
28-Oct-2000    12720     0.12     2.15     2.27
29-Oct-2000    12721     0.42    14.31    14.73
30-Oct-2000    12722     0.00     1.87     1.87
31-Oct-2000    12723     0.00     2.62     2.62
01-Nov-2000    12724     1.98     0.00     1.98
02-Nov-2000    12725     0.57     0.15     0.72
03-Nov-2000    12726     6.90     1.43     8.33
04-Nov-2000    12727     0.88     0.91     1.78
05-Nov-2000    12728     3.66     0.30     3.95
06-Nov-2000    12729     0.00     0.76     0.76
07-Nov-2000    12730     4.16     0.54     4.69
08-Nov-2000    12731    14.39     0.06    14.46
09-Nov-2000    12732     0.32     6.26     6.58
10-Nov-2000    12733     0.00     0.00     0.00
11-Nov-2000    12734     0.23     0.00     0.23
12-Nov-2000    12735     0.00     2.87     2.87
13-Nov-2000    12736     0.00     0.46     0.46
14-Nov-2000    12737     0.00    10.37    10.37
15-Nov-2000    12738     0.00     1.76     1.76
16-Nov-2000    12739     0.93     0.07     1.00
17-Nov-2000    12740     1.53     4.50     6.03
18-Nov-2000    12741     5.85     3.08     8.93
19-Nov-2000    12742     0.79     0.66     1.45
20-Nov-2000    12743     0.28     3.50     3.77
21-Nov-2000    12744     1.97     0.16     2.13
22-Nov-2000    12745     3.53     0.59     4.12
23-Nov-2000    12746     3.59     6.53    10.12
24-Nov-2000    12747    20.96     1.89    22.84
25-Nov-2000    12748    31.10     0.00    31.10
26-Nov-2000    12749    11.31     0.00    11.31
27-Nov-2000    12750     2.65     0.00     2.65
28-Nov-2000    12751     1.44     0.56     2.00
29-Nov-2000    12752     1.15     3.02     4.17
30-Nov-2000    12753     0.63     1.83     2.46
01-Dec-2000    12754     1.37     1.30     2.67
02-Dec-2000    12755     0.19     0.88     1.07
03-Dec-2000    12756     0.64     0.00     0.64
04-Dec-2000    12757     0.36     0.13     0.49
05-Dec-2000    12758     0.40     0.00     0.40
06-Dec-2000    12759     0.00     1.05     1.05
07-Dec-2000    12760     0.00     5.71     5.71
08-Dec-2000    12761     0.00     0.00     0.00
09-Dec-2000    12762     0.28     0.00     0.28
10-Dec-2000    12763     0.21     0.00     0.21
11-Dec-2000    12764     1.74     0.00     1.74
12-Dec-2000    12765     3.85     0.00     3.85
13-Dec-2000    12766     2.53     0.77     3.30
14-Dec-2000    12767     1.95     1.26     3.20
15-Dec-2000    12768     2.54     0.24     2.78
16-Dec-2000    12769     0.65     1.08     1.73
17-Dec-2000    12770     1.31     5.97     7.27
18-Dec-2000    12771     4.87     1.22     6.09
19-Dec-2000    12772     2.04     0.54     2.58
20-Dec-2000    12773     1.95     0.77     2.73
21-Dec-2000    12774     4.43     0.22     4.65
22-Dec-2000    12775     1.04     1.17     2.22
23-Dec-2000    12776     1.00     4.36     5.36
24-Dec-2000    12777     1.56     2.87     4.43
25-Dec-2000    12778     0.17     3.13     3.31
26-Dec-2000    12779     0.00     0.54     0.54
27-Dec-2000    12780     0.00     8.45     8.45
28-Dec-2000    12781     0.20     5.02     5.23
29-Dec-2000    12782     0.18    10.50    10.68
30-Dec-2000    12783     0.00     2.25     2.25
31-Dec-2000    12784     0.15     0.11     0.25