
            DAILY SOLAR FLARE INDEX
           01 JAN 1983 - 31 DEC 1983
________________________________________________

  TIME (DAY)            NORTH    SOUTH    TOTAL
================================================
  01-Jan-83     6210     0.00     6.86     6.86
  02-Jan-83     6211     0.00     2.72     2.72
  03-Jan-83     6212     0.00     1.67     1.67
  04-Jan-83     6213     0.59     8.26     8.85
  05-Jan-83     6214     1.82     3.29     5.12
  06-Jan-83     6215     2.83    11.67    14.50
  07-Jan-83     6216     3.11    18.58    21.69
  08-Jan-83     6217     0.00    19.17    19.17
  09-Jan-83     6218     0.65     9.07     9.72
  10-Jan-83     6219     0.15     4.21     4.36
  11-Jan-83     6220     0.40     2.69     3.08
  12-Jan-83     6221     2.85    10.00    12.85
  13-Jan-83     6222     1.05     9.11    10.17
  14-Jan-83     6223     0.31     0.57     0.88
  15-Jan-83     6224     2.78     2.13     4.91
  16-Jan-83     6225     2.42     0.67     3.08
  17-Jan-83     6226     4.72     2.94     7.66
  18-Jan-83     6227     6.61     0.00     6.61
  19-Jan-83     6228     1.31     0.08     1.40
  20-Jan-83     6229     0.00     0.49     0.49
  21-Jan-83     6230     2.00     0.39     2.38
  22-Jan-83     6231     2.71     0.69     3.40
  23-Jan-83     6232     1.44     1.39     2.83
  24-Jan-83     6233     3.33     0.17     3.49
  25-Jan-83     6234     3.28     1.47     4.75
  26-Jan-83     6235     2.58     1.77     4.35
  27-Jan-83     6236     0.41     3.20     3.61
  28-Jan-83     6237     1.63     3.35     4.98
  29-Jan-83     6238     3.30     3.67     6.98
  30-Jan-83     6239     0.44     0.94     1.37
  31-Jan-83     6240     0.58     5.48     6.06
  01-Feb-83     6241     0.00    12.04    12.04
  02-Feb-83     6242     0.00     7.71     7.71
  03-Feb-83     6243     0.00    26.76    26.76
  04-Feb-83     6244     0.56    17.57    18.13
  05-Feb-83     6245     0.00    24.07    24.07
  06-Feb-83     6246     0.00     7.20     7.20
  07-Feb-83     6247     0.00     1.13     1.13
  08-Feb-83     6248     0.00     1.87     1.87
  09-Feb-83     6249     0.00     2.46     2.46
  10-Feb-83     6250     1.08     1.15     2.23
  11-Feb-83     6251     0.00     0.50     0.50
  12-Feb-83     6252     0.00     2.71     2.71
  13-Feb-83     6253     0.00     0.00     0.00
  14-Feb-83     6254     0.00     0.00     0.00
  15-Feb-83     6255     0.00     0.00     0.00
  16-Feb-83     6256     0.00     1.22     1.22
  17-Feb-83     6257     0.00     1.05     1.05
  18-Feb-83     6258     0.00     3.67     3.67
  19-Feb-83     6259     0.00     0.13     0.13
  20-Feb-83     6260     0.90     0.81     1.71
  21-Feb-83     6261     0.00     0.00     0.00
  22-Feb-83     6262     0.40     0.17     0.56
  23-Feb-83     6263     1.02     1.00     2.02
  24-Feb-83     6264     0.17     2.16     2.33
  25-Feb-83     6265     0.56     7.19     7.74
  26-Feb-83     6266     2.02     2.02     4.04
  27-Feb-83     6267     0.49     8.14     8.63
  28-Feb-83     6268     0.85     4.77     5.62
  01-Mar-83     6269     0.00    18.48    18.48
  02-Mar-83     6270     0.64     7.26     7.90
  03-Mar-83     6271     0.00     3.27     3.27
  04-Mar-83     6272     0.00    14.32    14.32
  05-Mar-83     6273     0.00     2.05     2.05
  06-Mar-83     6274     0.00     3.27     3.27
  07-Mar-83     6275     0.43     0.51     0.94
  08-Mar-83     6276     0.00     9.75     9.75
  09-Mar-83     6277     1.65     6.44     8.08
  10-Mar-83     6278     0.00    14.19    14.19
  11-Mar-83     6279     0.00     3.04     3.04
  12-Mar-83     6280     0.00     0.72     0.72
  13-Mar-83     6281     0.00     0.00     0.00
  14-Mar-83     6282     0.00     6.09     6.09
  15-Mar-83     6283     1.02     3.52     4.55
  16-Mar-83     6284     0.31     9.27     9.58
  17-Mar-83     6285     0.00    20.31    20.31
  18-Mar-83     6286     0.00    11.93    11.93
  19-Mar-83     6287     0.00     6.90     6.90
  20-Mar-83     6288     0.00     3.98     3.98
  21-Mar-83     6289     0.00     2.40     2.40
  22-Mar-83     6290     0.00     1.32     1.32
  23-Mar-83     6291     0.00     3.33     3.33
  24-Mar-83     6292     0.00     1.46     1.46
  25-Mar-83     6293     0.85     2.48     3.33
  26-Mar-83     6294    13.08     0.17    13.25
  27-Mar-83     6295     0.00     2.44     2.44
  28-Mar-83     6296     0.00     3.60     3.60
  29-Mar-83     6297     0.00     2.23     2.23
  30-Mar-83     6298     0.00     6.57     6.57
  31-Mar-83     6299     0.00     0.12     0.12
  01-Apr-83     6300     0.00     2.09     2.09
  02-Apr-83     6301     0.00     0.52     0.52
  03-Apr-83     6302     0.00     3.52     3.52
  04-Apr-83     6303     0.00     3.08     3.08
  05-Apr-83     6304     0.00    10.46    10.46
  06-Apr-83     6305     0.00     0.79     0.79
  07-Apr-83     6306     0.00     4.60     4.60
  08-Apr-83     6307     0.00     5.64     5.64
  09-Apr-83     6308     0.00     4.08     4.08
  10-Apr-83     6309     0.00     2.06     2.06
  11-Apr-83     6310     0.00     3.84     3.84
  12-Apr-83     6311     0.00     0.72     0.72
  13-Apr-83     6312     0.29     4.54     4.83
  14-Apr-83     6313     4.16    23.37    27.52
  15-Apr-83     6314     0.87     2.31     3.18
  16-Apr-83     6315     2.27     1.38     3.65
  17-Apr-83     6316     0.00     3.90     3.90
  18-Apr-83     6317     2.42     2.02     4.44
  19-Apr-83     6318     1.52     8.53    10.05
  20-Apr-83     6319     0.00     7.41     7.41
  21-Apr-83     6320     0.72     5.13     5.85
  22-Apr-83     6321     5.49    11.82    17.31
  23-Apr-83     6322     0.00     3.92     3.92
  24-Apr-83     6323     0.85     9.08     9.94
  25-Apr-83     6324     0.94     8.92     9.85
  26-Apr-83     6325     0.31    10.86    11.16
  27-Apr-83     6326     0.41    12.09    12.50
  28-Apr-83     6327     1.36     7.17     8.53
  29-Apr-83     6328     0.00     6.15     6.15
  30-Apr-83     6329     0.00    20.37    20.37
  01-May-83     6330     0.00    39.47    39.47
  02-May-83     6331     1.23     9.08    10.31
  03-May-83     6332     0.00     8.60     8.60
  04-May-83     6333     1.83     8.61    10.44
  05-May-83     6334     0.15     5.73     5.88
  06-May-83     6335     0.00     6.38     6.38
  07-May-83     6336     1.44    12.75    14.19
  08-May-83     6337     1.58    15.77    17.35
  09-May-83     6338     0.44    17.40    17.83
  10-May-83     6339     1.15    26.98    28.13
  11-May-83     6340     1.41    16.77    18.18
  12-May-83     6341     2.70    23.74    26.44
  13-May-83     6342     3.25    11.98    15.23
  14-May-83     6343     0.25    16.28    16.53
  15-May-83     6344     1.06     8.90     9.96
  16-May-83     6345     0.00    10.83    10.83
  17-May-83     6346     0.96     1.60     2.56
  18-May-83     6347    15.23     2.29    17.52
  19-May-83     6348     9.46     2.83    12.29
  20-May-83     6349     8.02     3.06    11.08
  21-May-83     6350     6.18     1.24     7.42
  22-May-83     6351     9.06     4.94    14.00
  23-May-83     6352     4.77     8.02    12.79
  24-May-83     6353     1.55     0.94     2.49
  25-May-83     6354     6.97    10.61    17.58
  26-May-83     6355     1.95     3.12     5.06
  27-May-83     6356     1.25     5.77     7.02
  28-May-83     6357     0.00     3.49     3.49
  29-May-83     6358     0.00     2.67     2.67
  30-May-83     6359     1.00     6.42     7.43
  31-May-83     6360     0.00     8.70     8.70
  01-Jun-83     6361     0.40     7.92     8.31
  02-Jun-83     6362     0.00    12.23    12.23
  03-Jun-83     6363     0.00    14.19    14.19
  04-Jun-83     6364     0.00    26.82    26.82
  05-Jun-83     6365     0.00    20.50    20.50
  06-Jun-83     6366     0.00    22.43    22.43
  07-Jun-83     6367     0.00    15.96    15.96
  08-Jun-83     6368     0.00    15.42    15.42
  09-Jun-83     6369     0.00     9.82     9.82
  10-Jun-83     6370     0.00    10.37    10.37
  11-Jun-83     6371     0.00     7.13     7.13
  12-Jun-83     6372     0.00     2.98     2.98
  13-Jun-83     6373     0.00     6.41     6.41
  14-Jun-83     6374     4.38     4.56     8.94
  15-Jun-83     6375     0.68     3.54     4.22
  16-Jun-83     6376     3.65     4.83     8.48
  17-Jun-83     6377     5.47     1.94     7.40
  18-Jun-83     6378     0.58     3.67     4.25
  19-Jun-83     6379     8.27     6.31    14.58
  20-Jun-83     6380     4.85     6.90    11.75
  21-Jun-83     6381     5.60     3.23     8.83
  22-Jun-83     6382     6.57     4.85    11.43
  23-Jun-83     6383     4.24     2.91     7.15
  24-Jun-83     6384     6.37     2.90     9.27
  25-Jun-83     6385     2.61     4.31     6.92
  26-Jun-83     6386     2.38    13.72    16.10
  27-Jun-83     6387     2.37     4.04     6.41
  28-Jun-83     6388     3.79    18.44    22.23
  29-Jun-83     6389     7.19     5.96    13.15
  30-Jun-83     6390     4.42     1.38     5.79
  01-Jul-83     6391     3.69     6.31    10.00
  02-Jul-83     6392     1.55    20.48    22.03
  03-Jul-83     6393     0.00     6.49     6.49
  04-Jul-83     6394     0.00    15.17    15.17
  05-Jul-83     6395     0.00     5.88     5.88
  06-Jul-83     6396     0.00     4.59     4.59
  07-Jul-83     6397     0.00     1.21     1.21
  08-Jul-83     6398     0.00     2.71     2.71
  09-Jul-83     6399     0.00     0.90     0.90
  10-Jul-83     6400     0.00    11.34    11.34
  11-Jul-83     6401     0.00    11.04    11.04
  12-Jul-83     6402     0.00     4.63     4.63
  13-Jul-83     6403     0.00     5.02     5.02
  14-Jul-83     6404     1.83     5.80     7.63
  15-Jul-83     6405     3.81     0.54     4.35
  16-Jul-83     6406     2.65     1.08     3.73
  17-Jul-83     6407     1.15     3.45     4.60
  18-Jul-83     6408     5.65     3.27     8.92
  19-Jul-83     6409     1.28    11.30    12.57
  20-Jul-83     6410     2.03     2.47     4.50
  21-Jul-83     6411     3.39     3.11     6.50
  22-Jul-83     6412     1.94    13.13    15.06
  23-Jul-83     6413     1.38     3.85     5.23
  24-Jul-83     6414     6.05    13.18    19.23
  25-Jul-83     6415     4.41     6.67    11.08
  26-Jul-83     6416     0.60     0.65     1.25
  27-Jul-83     6417     0.13     4.51     4.64
  28-Jul-83     6418     0.10     8.63     8.73
  29-Jul-83     6419     1.90    13.41    15.31
  30-Jul-83     6420     7.10     4.68    11.78
  31-Jul-83     6421     1.28     9.50    10.78
  01-Aug-83     6422     1.60    16.08    17.68
  02-Aug-83     6423     0.89     7.58     8.47
  03-Aug-83     6424     0.00    37.29    37.29
  04-Aug-83     6425     0.21    16.94    17.15
  05-Aug-83     6426     0.00     7.67     7.67
  06-Aug-83     6427     1.12    11.44    12.56
  07-Aug-83     6428     0.13     6.59     6.72
  08-Aug-83     6429     0.42    11.94    12.35
  09-Aug-83     6430     0.00     3.26     3.26
  10-Aug-83     6431     0.54     4.46     5.00
  11-Aug-83     6432     0.00     6.85     6.85
  12-Aug-83     6433     1.29    16.33    17.63
  13-Aug-83     6434     0.00    18.71    18.71
  14-Aug-83     6435     0.09    16.82    16.91
  15-Aug-83     6436     0.59     9.02     9.61
  16-Aug-83     6437     4.38    11.69    16.07
  17-Aug-83     6438     0.29    18.39    18.68
  18-Aug-83     6439     7.38     3.14    10.53
  19-Aug-83     6440     0.52     4.79     5.31
  20-Aug-83     6441     4.27     0.67     4.94
  21-Aug-83     6442    10.21     0.00    10.21
  22-Aug-83     6443     3.07     0.74     3.81
  23-Aug-83     6444     1.91     0.36     2.27
  24-Aug-83     6445     0.72     0.79     1.52
  25-Aug-83     6446     0.00     0.45     0.45
  26-Aug-83     6447     0.00     0.98     0.98
  27-Aug-83     6448     0.00     4.85     4.85
  28-Aug-83     6449     0.00     2.20     2.20
  29-Aug-83     6450     0.00     2.88     2.88
  30-Aug-83     6451     0.00     4.65     4.65
  31-Aug-83     6452     0.00     2.67     2.67
  01-Sep-83     6453     0.29     9.47     9.77
  02-Sep-83     6454     0.15    14.19    14.33
  03-Sep-83     6455     0.15     4.77     4.92
  04-Sep-83     6456     4.60     0.00     4.60
  05-Sep-83     6457     5.90     2.03     7.93
  06-Sep-83     6458     2.25     0.17     2.42
  07-Sep-83     6459     3.84     0.55     4.38
  08-Sep-83     6460     0.50     2.04     2.54
  09-Sep-83     6461     4.15     0.00     4.15
  10-Sep-83     6462     0.65     4.73     5.38
  11-Sep-83     6463     0.56     1.15     1.71
  12-Sep-83     6464     0.28    14.77    15.04
  13-Sep-83     6465     0.00     9.22     9.22
  14-Sep-83     6466     0.48     3.56     4.04
  15-Sep-83     6467     0.00     6.26     6.26
  16-Sep-83     6468     0.00     3.04     3.04
  17-Sep-83     6469     0.56     2.67     3.23
  18-Sep-83     6470     0.29     0.00     0.29
  19-Sep-83     6471     1.81     0.46     2.27
  20-Sep-83     6472     0.00     6.00     6.00
  21-Sep-83     6473     0.00    13.96    13.96
  22-Sep-83     6474     0.00     9.81     9.81
  23-Sep-83     6475     1.59     2.95     4.55
  24-Sep-83     6476     0.00     3.44     3.44
  25-Sep-83     6477     0.00     5.40     5.40
  26-Sep-83     6478     0.00     2.83     2.83
  27-Sep-83     6479     0.00     7.97     7.97
  28-Sep-83     6480     0.00     0.00     0.00
  29-Sep-83     6481     0.00     0.00     0.00
  30-Sep-83     6482     0.00     0.00     0.00
  01-Oct-83     6483     0.00     2.56     2.56
  02-Oct-83     6484     0.31     5.80     6.12
  03-Oct-83     6485     0.79     1.16     1.95
  04-Oct-83     6486     1.06     0.31     1.37
  05-Oct-83     6487    16.46     2.10    18.56
  06-Oct-83     6488     2.38     4.48     6.85
  07-Oct-83     6489     5.86     2.08     7.94
  08-Oct-83     6490     4.68     0.00     4.68
  09-Oct-83     6491     6.14     0.11     6.24
  10-Oct-83     6492    15.90     1.90    17.80
  11-Oct-83     6493     9.98     6.90    16.88
  12-Oct-83     6494     9.46     1.06    10.52
  13-Oct-83     6495     8.32     4.18    12.50
  14-Oct-83     6496    24.12     1.65    25.77
  15-Oct-83     6497     9.48     0.79    10.26
  16-Oct-83     6498     8.88     3.21    12.08
  17-Oct-83     6499    12.38     3.47    15.85
  18-Oct-83     6500     5.14     0.00     5.14
  19-Oct-83     6501     2.72     0.63     3.34
  20-Oct-83     6502     0.00     0.00     0.00
  21-Oct-83     6503     0.00     0.38     0.38
  22-Oct-83     6504     0.25     0.00     0.25
  23-Oct-83     6505     0.00     0.00     0.00
  24-Oct-83     6506     0.00     0.00     0.00
  25-Oct-83     6507     0.23     0.00     0.23
  26-Oct-83     6508     0.00     0.00     0.00
  27-Oct-83     6509     0.16     0.61     0.77
  28-Oct-83     6510     0.00     2.11     2.11
  29-Oct-83     6511     0.00     0.90     0.90
  30-Oct-83     6512     0.00     0.00     0.00
  31-Oct-83     6513     0.00    14.09    14.09
  01-Nov-83     6514     0.00     0.00     0.00
  02-Nov-83     6515     0.13     0.00     0.13
  03-Nov-83     6516     0.42     1.58     2.00
  04-Nov-83     6517     1.11     1.53     2.63
  05-Nov-83     6518     0.00     1.83     1.83
  06-Nov-83     6519     0.00     0.13     0.13
  07-Nov-83     6520     0.00     7.88     7.88
  08-Nov-83     6521     0.00    20.18    20.18
  09-Nov-83     6522     0.00     0.25     0.25
  10-Nov-83     6523     0.00     1.02     1.02
  11-Nov-83     6524     0.00     0.48     0.48
  12-Nov-83     6525     0.00     0.54     0.54
  13-Nov-83     6526     0.00     0.00     0.00
  14-Nov-83     6527     0.00     1.25     1.25
  15-Nov-83     6528     0.00     0.44     0.44
  16-Nov-83     6529     0.00     4.89     4.89
  17-Nov-83     6530     0.00     2.49     2.49
  18-Nov-83     6531     0.00     0.56     0.56
  19-Nov-83     6532     0.40     0.73     1.13
  20-Nov-83     6533     0.67     0.38     1.04
  21-Nov-83     6534     0.00     0.11     0.11
  22-Nov-83     6535     0.00     0.00     0.00
  23-Nov-83     6536     0.00     0.00     0.00
  24-Nov-83     6537     0.00     0.00     0.00
  25-Nov-83     6538     0.00     0.00     0.00
  26-Nov-83     6539     0.00     0.00     0.00
  27-Nov-83     6540     0.98     0.00     0.98
  28-Nov-83     6541     0.11     0.00     0.11
  29-Nov-83     6542     1.65     0.00     1.65
  30-Nov-83     6543     0.70     0.00     0.70
  01-Dec-83     6544     0.00     0.00     0.00
  02-Dec-83     6545     0.00     0.23     0.23
  03-Dec-83     6546     0.00     0.00     0.00
  04-Dec-83     6547     0.00     0.00     0.00
  05-Dec-83     6548     0.00     4.75     4.75
  06-Dec-83     6549     0.00    14.08    14.08
  07-Dec-83     6550     0.23     8.24     8.47
  08-Dec-83     6551     0.33     5.90     6.23
  09-Dec-83     6552    16.77     1.83    18.60
  10-Dec-83     6553     0.00     3.88     3.88
  11-Dec-83     6554     0.31     0.17     0.48
  12-Dec-83     6555     0.00     1.17     1.17
  13-Dec-83     6556     0.20     4.44     4.64
  14-Dec-83     6557     0.00     2.23     2.23
  15-Dec-83     6558     0.21     5.69     5.90
  16-Dec-83     6559     0.11     2.94     3.05
  17-Dec-83     6560     0.00     7.40     7.40
  18-Dec-83     6561     0.00     0.51     0.51
  19-Dec-83     6562     0.00     3.66     3.66
  20-Dec-83     6563     0.00     1.29     1.29
  21-Dec-83     6564     0.67     0.22     0.89
  22-Dec-83     6565     0.00     0.00     0.00
  23-Dec-83     6566     0.00     0.00     0.00
  24-Dec-83     6567     0.00     0.83     0.83
  25-Dec-83     6568     0.00     0.33     0.33
  26-Dec-83     6569     0.00     0.00     0.00
  27-Dec-83     6570     0.00     0.13     0.13
  28-Dec-83     6571     0.55     0.00     0.55
  29-Dec-83     6572     0.00     0.00     0.00
  30-Dec-83     6573     0.00     0.00     0.00
  31-Dec-83     6574     0.38     0.00     0.38