
            DAILY SOLAR FLARE INDEX
           01 JAN 1972 - 31 DEC 1972
________________________________________________

  TIME (DAY)            NORTH    SOUTH    TOTAL
================================================
  01-Jan-72     2192     0.00     0.00     0.00
  02-Jan-72     2193     0.00     0.09     0.09
  03-Jan-72     2194     0.00     1.30     1.30
  04-Jan-72     2195     0.00     0.00     0.00
  05-Jan-72     2196     0.00     0.00     0.00
  06-Jan-72     2197     1.48     0.97     2.45
  07-Jan-72     2198     1.38     0.00     1.38
  08-Jan-72     2199     0.63     0.42     1.04
  09-Jan-72     2200     0.00     0.00     0.00
  10-Jan-72     2201     0.00     2.54     2.54
  11-Jan-72     2202     0.00     0.00     0.00
  12-Jan-72     2203     0.00     0.00     0.00
  13-Jan-72     2204     0.00     2.35     2.35
  14-Jan-72     2205     0.00     5.67     5.67
  15-Jan-72     2206     0.00     3.33     3.33
  16-Jan-72     2207     0.00     4.79     4.79
  17-Jan-72     2208     0.00     1.00     1.00
  18-Jan-72     2209     0.00     0.42     0.42
  19-Jan-72     2210     0.83     4.33     5.17
  20-Jan-72     2211     0.00     2.58     2.58
  21-Jan-72     2212     0.75     0.00     0.75
  22-Jan-72     2213     0.00     7.71     7.71
  23-Jan-72     2214     2.72     1.87     4.60
  24-Jan-72     2215     0.00     2.82     2.82
  25-Jan-72     2216     0.75     1.96     2.71
  26-Jan-72     2217     2.58     0.00     2.58
  27-Jan-72     2218     0.00     0.38     0.38
  28-Jan-72     2219     0.17     0.83     1.00
  29-Jan-72     2220     0.00     5.52     5.52
  30-Jan-72     2221     0.25     2.08     2.33
  31-Jan-72     2222     1.75     1.67     3.42
  01-Feb-72     2223     1.46     0.50     1.96
  02-Feb-72     2224     0.59     0.00     0.59
  03-Feb-72     2225     1.83     0.00     1.83
  04-Feb-72     2226     0.00     2.51     2.51
  05-Feb-72     2227     0.00     0.00     0.00
  06-Feb-72     2228     0.00     0.00     0.00
  07-Feb-72     2229     0.00     0.00     0.00
  08-Feb-72     2230     0.00     0.00     0.00
  09-Feb-72     2231     0.42     0.00     0.42
  10-Feb-72     2232     0.75     5.25     6.00
  11-Feb-72     2233     0.00     3.33     3.33
  12-Feb-72     2234     0.00     4.42     4.42
  13-Feb-72     2235     0.00     5.63     5.63
  14-Feb-72     2236     0.00     3.96     3.96
  15-Feb-72     2237     0.42     8.33     8.75
  16-Feb-72     2238     3.42     1.38     4.79
  17-Feb-72     2239     1.00     4.63     5.63
  18-Feb-72     2240     0.17     1.89     2.06
  19-Feb-72     2241     3.54     1.71     5.25
  20-Feb-72     2242     1.42     3.29     4.71
  21-Feb-72     2243     4.04     0.85     4.89
  22-Feb-72     2244    15.75     0.00    15.75
  23-Feb-72     2245     2.29     0.29     2.58
  24-Feb-72     2246     1.92     0.25     2.17
  25-Feb-72     2247     0.50     0.00     0.50
  26-Feb-72     2248     0.58     7.63     8.21
  27-Feb-72     2249     0.42     0.00     0.42
  28-Feb-72     2250     0.33     0.33     0.67
  29-Feb-72     2251     0.00     0.00     0.00
  01-Mar-72     2252     0.08     0.59     0.67
  02-Mar-72     2253     0.00     4.49     4.49
  03-Mar-72     2254     1.01     0.34     1.35
  04-Mar-72     2255     0.79     6.54     7.33
  05-Mar-72     2256     0.58     6.54     7.13
  06-Mar-72     2257     0.00     4.88     4.88
  07-Mar-72     2258     0.33     2.38     2.71
  08-Mar-72     2259     0.33     0.58     0.92
  09-Mar-72     2260     0.42     0.42     0.83
  10-Mar-72     2261     0.26     0.44     0.70
  11-Mar-72     2262     0.00     1.50     1.50
  12-Mar-72     2263     0.00     0.00     0.00
  13-Mar-72     2264     0.00     0.50     0.50
  14-Mar-72     2265     0.00     0.00     0.00
  15-Mar-72     2266     0.00     0.00     0.00
  16-Mar-72     2267     0.33     0.25     0.58
  17-Mar-72     2268     0.00     0.50     0.50
  18-Mar-72     2269     0.83     0.46     1.29
  19-Mar-72     2270     0.92     0.25     1.17
  20-Mar-72     2271     1.35     0.89     2.24
  21-Mar-72     2272     4.29     0.00     4.29
  22-Mar-72     2273     0.92     3.50     4.42
  23-Mar-72     2274     0.00     1.50     1.50
  24-Mar-72     2275     0.88     1.67     2.54
  25-Mar-72     2276     0.33     0.33     0.67
  26-Mar-72     2277     0.00     0.00     0.00
  27-Mar-72     2278     0.38     0.13     0.50
  28-Mar-72     2279     0.00     0.58     0.58
  29-Mar-72     2280     0.00     0.00     0.00
  30-Mar-72     2281     0.00     0.00     0.00
  31-Mar-72     2282     0.00     0.00     0.00
  01-Apr-72     2283     0.00     0.00     0.00
  02-Apr-72     2284     0.00     0.00     0.00
  03-Apr-72     2285     0.00     0.00     0.00
  04-Apr-72     2286     0.00     0.00     0.00
  05-Apr-72     2287     0.00     0.00     0.00
  06-Apr-72     2288     0.50     0.00     0.50
  07-Apr-72     2289     0.75     0.88     1.63
  08-Apr-72     2290     0.33     1.00     1.33
  09-Apr-72     2291     0.00     4.04     4.04
  10-Apr-72     2292     0.00     0.00     0.00
  11-Apr-72     2293     0.00     2.17     2.17
  12-Apr-72     2294     0.00     0.00     0.00
  13-Apr-72     2295     0.00     0.42     0.42
  14-Apr-72     2296     0.00     2.58     2.58
  15-Apr-72     2297     0.00     4.25     4.25
  16-Apr-72     2298     0.00     0.71     0.71
  17-Apr-72     2299     0.00     0.88     0.88
  18-Apr-72     2300     0.00     4.00     4.00
  19-Apr-72     2301     0.00     0.00     0.00
  20-Apr-72     2302     0.00     0.00     0.00
  21-Apr-72     2303     0.00     1.17     1.17
  22-Apr-72     2304     0.00     0.50     0.50
  23-Apr-72     2305     0.00     0.00     0.00
  24-Apr-72     2306     0.00     0.00     0.00
  25-Apr-72     2307     0.00     0.25     0.25
  26-Apr-72     2308     0.00     0.00     0.00
  27-Apr-72     2309     0.42     0.00     0.42
  28-Apr-72     2310     2.17     0.00     2.17
  29-Apr-72     2311     0.00     0.00     0.00
  30-Apr-72     2312     0.00     0.00     0.00
  01-May-72     2313     0.00     0.00     0.00
  02-May-72     2314     0.00     0.25     0.25
  03-May-72     2315     0.00     1.04     1.04
  04-May-72     2316     0.00     0.00     0.00
  05-May-72     2317     0.25     1.54     1.79
  06-May-72     2318     0.00     0.00     0.00
  07-May-72     2319     0.00     0.63     0.63
  08-May-72     2320     0.00     1.33     1.33
  09-May-72     2321     0.33     0.58     0.92
  10-May-72     2322     0.00     0.92     0.92
  11-May-72     2323     1.79     1.50     3.29
  12-May-72     2324     1.71     0.17     1.88
  13-May-72     2325     0.59     1.27     1.86
  14-May-72     2326     1.29     3.42     4.71
  15-May-72     2327     0.33     7.71     8.04
  16-May-72     2328     0.00     7.42     7.42
  17-May-72     2329     8.04     0.42     8.46
  18-May-72     2330     0.67     6.04     6.71
  19-May-72     2331     0.00     0.50     0.50
  20-May-72     2332     1.04     0.38     1.42
  21-May-72     2333     0.00     0.00     0.00
  22-May-72     2334     0.75     0.00     0.75
  23-May-72     2335     0.38     0.54     0.92
  24-May-72     2336     2.66     1.12     3.78
  25-May-72     2337     0.29     0.00     0.29
  26-May-72     2338     1.08     0.00     1.08
  27-May-72     2339     3.17     0.00     3.17
  28-May-72     2340    16.63     0.00    16.63
  29-May-72     2341     4.08     0.00     4.08
  30-May-72     2342     5.83     0.63     6.46
  31-May-72     2343     1.67     1.33     3.00
  01-Jun-72     2344     0.00     0.00     0.00
  02-Jun-72     2345     0.00     1.08     1.08
  03-Jun-72     2346     4.42     0.00     4.42
  04-Jun-72     2347     0.42     0.83     1.25
  05-Jun-72     2348     1.38     1.67     3.04
  06-Jun-72     2349     1.75     0.42     2.17
  07-Jun-72     2350     0.00     2.71     2.71
  08-Jun-72     2351     0.00     0.42     0.42
  09-Jun-72     2352     0.00     1.93     1.93
  10-Jun-72     2353     0.00     0.67     0.67
  11-Jun-72     2354     0.00     2.48     2.48
  12-Jun-72     2355     0.00     5.60     5.60
  13-Jun-72     2356     0.00     2.66     2.66
  14-Jun-72     2357     0.00     1.62     1.62
  15-Jun-72     2358     0.00     8.19     8.19
  16-Jun-72     2359     1.62     2.22     3.85
  17-Jun-72     2360     0.83     1.08     1.92
  18-Jun-72     2361     0.00     1.04     1.04
  19-Jun-72     2362     0.60     1.07     1.67
  20-Jun-72     2363     0.54     0.76     1.29
  21-Jun-72     2364     0.92     2.44     3.36
  22-Jun-72     2365     0.80     0.00     0.80
  23-Jun-72     2366     2.86     6.56     9.43
  24-Jun-72     2367     3.92     0.75     4.67
  25-Jun-72     2368     7.14     0.76     7.90
  26-Jun-72     2369     0.60     0.00     0.60
  27-Jun-72     2370     0.00     4.16     4.16
  28-Jun-72     2371     0.33     0.33     0.67
  29-Jun-72     2372     0.75     3.13     3.88
  30-Jun-72     2373     0.68     0.00     0.68
  01-Jul-72     2374     1.15     0.00     1.15
  02-Jul-72     2375     1.71     0.00     1.71
  03-Jul-72     2376     1.51     0.67     2.18
  04-Jul-72     2377     0.00     3.58     3.58
  05-Jul-72     2378     0.00     0.34     0.34
  06-Jul-72     2379     3.42     1.88     5.29
  07-Jul-72     2380     3.67     0.00     3.67
  08-Jul-72     2381     0.69     1.37     2.06
  09-Jul-72     2382     0.67     5.58     6.25
  10-Jul-72     2383     0.00     2.96     2.96
  11-Jul-72     2384     0.00     3.15     3.15
  12-Jul-72     2385     1.18     0.00     1.18
  13-Jul-72     2386     0.00     0.00     0.00
  14-Jul-72     2387     2.83     0.38     3.21
  15-Jul-72     2388     2.46     0.79     3.25
  16-Jul-72     2389     0.00     0.97     0.97
  17-Jul-72     2390     0.00     1.58     1.58
  18-Jul-72     2391     0.00     0.00     0.00
  19-Jul-72     2392     0.00     0.46     0.46
  20-Jul-72     2393     0.00     0.00     0.00
  21-Jul-72     2394     1.96     0.43     2.39
  22-Jul-72     2395     0.00     2.83     2.83
  23-Jul-72     2396     0.00     2.71     2.71
  24-Jul-72     2397     0.00     0.00     0.00
  25-Jul-72     2398     0.00     0.18     0.18
  26-Jul-72     2399     0.00     0.58     0.58
  27-Jul-72     2400     0.00     1.38     1.38
  28-Jul-72     2401     0.00     2.67     2.67
  29-Jul-72     2402     0.29     0.00     0.29
  30-Jul-72     2403     0.00     0.33     0.33
  31-Jul-72     2404     0.00     3.78     3.78
  01-Aug-72     2405     8.25     0.61     8.86
  02-Aug-72     2406    50.54     1.98    52.52
  03-Aug-72     2407     0.68     0.97     1.65
  04-Aug-72     2408    33.95     0.00    33.95
  05-Aug-72     2409     0.00     0.00     0.00
  06-Aug-72     2410     0.00     0.97     0.97
  07-Aug-72     2411    34.83     0.42    35.25
  08-Aug-72     2412     0.00     0.43     0.43
  09-Aug-72     2413     0.00     1.67     1.67
  10-Aug-72     2414     4.85     0.94     5.79
  11-Aug-72     2415     4.67     0.00     4.67
  12-Aug-72     2416     1.13     0.00     1.13
  13-Aug-72     2417     0.25     0.00     0.25
  14-Aug-72     2418     0.00     0.00     0.00
  15-Aug-72     2419     0.67     0.67     1.33
  16-Aug-72     2420     1.30     0.00     1.30
  17-Aug-72     2421     1.20     0.00     1.20
  18-Aug-72     2422     0.92     0.00     0.92
  19-Aug-72     2423     2.88     2.08     4.96
  20-Aug-72     2424     0.79     1.05     1.83
  21-Aug-72     2425     0.00     1.25     1.25
  22-Aug-72     2426     0.00    10.83    10.83
  23-Aug-72     2427     0.00     3.39     3.39
  24-Aug-72     2428     0.00     6.41     6.41
  25-Aug-72     2429     2.25     4.08     6.33
  26-Aug-72     2430     0.68     0.43     1.11
  27-Aug-72     2431     2.49     0.00     2.49
  28-Aug-72     2432     1.50     4.00     5.50
  29-Aug-72     2433     1.50     0.75     2.25
  30-Aug-72     2434     2.21     1.29     3.50
  31-Aug-72     2435     2.99     1.24     4.23
  01-Sep-72     2436     1.05     0.00     1.05
  02-Sep-72     2437     1.62     1.23     2.85
  03-Sep-72     2438     0.00     2.79     2.79
  04-Sep-72     2439     0.71     3.71     4.42
  05-Sep-72     2440     4.17     4.26     8.43
  06-Sep-72     2441     0.00     5.51     5.51
  07-Sep-72     2442     0.25     0.50     0.75
  08-Sep-72     2443     0.92     0.00     0.92
  09-Sep-72     2444     0.59     0.00     0.59
  10-Sep-72     2445     2.42     0.00     2.42
  11-Sep-72     2446     4.42     0.00     4.42
  12-Sep-72     2447     0.00     0.00     0.00
  13-Sep-72     2448     2.04     0.25     2.29
  14-Sep-72     2449     0.00     0.00     0.00
  15-Sep-72     2450     0.00     0.00     0.00
  16-Sep-72     2451     0.00     0.00     0.00
  17-Sep-72     2452     0.00     0.46     0.46
  18-Sep-72     2453     0.00     3.50     3.50
  19-Sep-72     2454     0.00     2.42     2.42
  20-Sep-72     2455     0.00     0.00     0.00
  21-Sep-72     2456     0.58     6.92     7.50
  22-Sep-72     2457     0.84     4.81     5.65
  23-Sep-72     2458     0.00     0.42     0.42
  24-Sep-72     2459     0.13     1.65     1.77
  25-Sep-72     2460     0.00     0.76     0.76
  26-Sep-72     2461     0.00     6.13     6.13
  27-Sep-72     2462     0.00     1.54     1.54
  28-Sep-72     2463     0.00     0.00     0.00
  29-Sep-72     2464     0.00     0.25     0.25
  30-Sep-72     2465     0.13     0.75     0.88
  01-Oct-72     2466     6.11     1.31     7.42
  02-Oct-72     2467     0.00     0.00     0.00
  03-Oct-72     2468     1.25     0.00     1.25
  04-Oct-72     2469     0.00     0.32     0.32
  05-Oct-72     2470     0.00     0.00     0.00
  06-Oct-72     2471     0.00     0.00     0.00
  07-Oct-72     2472     6.25     0.00     6.25
  08-Oct-72     2473     0.00     0.25     0.25
  09-Oct-72     2474     0.00     0.00     0.00
  10-Oct-72     2475     0.00     0.00     0.00
  11-Oct-72     2476     2.65     3.00     5.65
  12-Oct-72     2477     0.00     0.00     0.00
  13-Oct-72     2478     0.96     0.00     0.96
  14-Oct-72     2479     1.60     0.00     1.60
  15-Oct-72     2480     0.42     0.63     1.04
  16-Oct-72     2481     0.00     0.17     0.17
  17-Oct-72     2482     0.00     0.22     0.22
  18-Oct-72     2483     0.00     0.00     0.00
  19-Oct-72     2484     0.00     1.00     1.00
  20-Oct-72     2485     0.00     0.38     0.38
  21-Oct-72     2486     0.00     3.14     3.14
  22-Oct-72     2487     0.00     0.00     0.00
  23-Oct-72     2488     0.00     1.67     1.67
  24-Oct-72     2489     0.00     7.67     7.67
  25-Oct-72     2490     0.00     9.83     9.83
  26-Oct-72     2491     0.00    13.21    13.21
  27-Oct-72     2492     0.00     4.68     4.68
  28-Oct-72     2493     0.00     7.69     7.69
  29-Oct-72     2494     0.00     5.57     5.57
  30-Oct-72     2495     0.00     9.09     9.09
  31-Oct-72     2496     0.00     7.83     7.83
  01-Nov-72     2497     0.00     1.45     1.45
  02-Nov-72     2498     0.00     0.59     0.59
  03-Nov-72     2499     0.00     2.63     2.63
  04-Nov-72     2500     0.00     0.23     0.23
  05-Nov-72     2501     0.00     2.65     2.65
  06-Nov-72     2502     0.00     0.00     0.00
  07-Nov-72     2503     0.00     0.00     0.00
  08-Nov-72     2504     0.00     0.00     0.00
  09-Nov-72     2505     0.00     0.00     0.00
  10-Nov-72     2506     0.00     0.00     0.00
  11-Nov-72     2507     0.00     0.00     0.00
  12-Nov-72     2508     0.43     0.00     0.43
  13-Nov-72     2509     0.00     0.00     0.00
  14-Nov-72     2510     0.00     0.00     0.00
  15-Nov-72     2511     0.00     0.83     0.83
  16-Nov-72     2512     0.00     0.00     0.00
  17-Nov-72     2513     0.00     0.00     0.00
  18-Nov-72     2514     0.00     0.67     0.67
  19-Nov-72     2515     0.00     0.00     0.00
  20-Nov-72     2516     0.00     0.25     0.25
  21-Nov-72     2517     0.00     0.88     0.88
  22-Nov-72     2518     0.00     3.79     3.79
  23-Nov-72     2519     0.00     1.83     1.83
  24-Nov-72     2520     0.00     0.96     0.96
  25-Nov-72     2521     0.00     5.75     5.75
  26-Nov-72     2522     0.00     2.76     2.76
  27-Nov-72     2523     0.00     0.43     0.43
  28-Nov-72     2524     0.00     1.36     1.36
  29-Nov-72     2525     0.00     0.33     0.33
  30-Nov-72     2526     0.00     0.00     0.00
  01-Dec-72     2527     0.00     0.00     0.00
  02-Dec-72     2528     0.00     0.75     0.75
  03-Dec-72     2529     0.00     0.00     0.00
  04-Dec-72     2530     0.00     0.00     0.00
  05-Dec-72     2531     0.00     0.00     0.00
  06-Dec-72     2532     0.00     0.00     0.00
  07-Dec-72     2533     0.00     0.00     0.00
  08-Dec-72     2534     2.70     0.00     2.70
  09-Dec-72     2535     0.00     0.00     0.00
  10-Dec-72     2536     4.41     0.00     4.41
  11-Dec-72     2537     0.46     0.00     0.46
  12-Dec-72     2538     2.21     0.50     2.71
  13-Dec-72     2539     0.00     0.00     0.00
  14-Dec-72     2540     1.60     0.00     1.60
  15-Dec-72     2541     0.00     5.17     5.17
  16-Dec-72     2542     5.05     1.05     6.11
  17-Dec-72     2543     0.00     0.30     0.30
  18-Dec-72     2544     0.00     4.71     4.71
  19-Dec-72     2545     0.00     0.92     0.92
  20-Dec-72     2546     0.00     0.00     0.00
  21-Dec-72     2547     0.00     0.00     0.00
  22-Dec-72     2548     0.00     0.17     0.17
  23-Dec-72     2549     1.68     0.00     1.68
  24-Dec-72     2550     0.43     0.00     0.43
  25-Dec-72     2551     2.25     0.00     2.25
  26-Dec-72     2552     1.15     0.00     1.15
  27-Dec-72     2553     1.58     0.00     1.58
  28-Dec-72     2554     0.00     0.86     0.86
  29-Dec-72     2555     0.00     0.65     0.65
  30-Dec-72     2556     0.04     0.00     0.04
  31-Dec-72     2557     1.15     0.00     1.15