
            DAILY SOLAR FLARE INDEX
           01 JAN 1999 - 31 DEC 1999
________________________________________________

  TIME (DAY)            NORTH    SOUTH    TOTAL
================================================
  01-Jan-99    12054     4.33     0.00     4.33
  02-Jan-99    12055     1.89     0.00     1.89
  03-Jan-99    12056     1.34     6.64     7.99
  04-Jan-99    12057     0.25     0.00     0.25
  05-Jan-99    12058     0.00     0.00     0.00
  06-Jan-99    12059     1.39     0.25     1.64
  07-Jan-99    12060     0.00     0.00     0.00
  08-Jan-99    12061     1.47     5.67     7.14
  09-Jan-99    12062     0.15     0.00     0.15
  10-Jan-99    12063     0.00     0.57     0.57
  11-Jan-99    12064     0.00     0.21     0.21
  12-Jan-99    12065     0.00     1.22     1.22
  13-Jan-99    12066     6.11     2.82     8.93
  14-Jan-99    12067     9.43     0.88    10.32
  15-Jan-99    12068    19.73     1.50    21.23
  16-Jan-99    12069    13.01     1.09    14.10
  17-Jan-99    12070     8.63     3.85    12.48
  18-Jan-99    12071     5.49    10.40    15.89
  19-Jan-99    12072     3.22     7.55    10.77
  20-Jan-99    12073     2.42     3.21     5.63
  21-Jan-99    12074     1.85     1.10     2.95
  22-Jan-99    12075     4.38     4.23     8.60
  23-Jan-99    12076     2.60     5.54     8.15
  24-Jan-99    12077     4.20     1.74     5.93
  25-Jan-99    12078     1.75     0.00     1.75
  26-Jan-99    12079     0.63     0.00     0.63
  27-Jan-99    12080    11.96     3.52    15.48
  28-Jan-99    12081    12.66     0.23    12.89
  29-Jan-99    12082     2.21     0.00     2.21
  30-Jan-99    12083     0.37     0.00     0.37
  31-Jan-99    12084     0.28     0.00     0.28
  01-Feb-99    12085     0.28     0.00     0.28
  02-Feb-99    12086     0.00     0.26     0.26
  03-Feb-99    12087     0.00     0.00     0.00
  04-Feb-99    12088     0.00     0.00     0.00
  05-Feb-99    12089     0.00     0.00     0.00
  06-Feb-99    12090     0.00     0.09     0.09
  07-Feb-99    12091     0.69     0.00     0.69
  08-Feb-99    12092     2.56     1.23     3.79
  09-Feb-99    12093     0.70     0.75     1.45
  10-Feb-99    12094     0.79     4.70     5.50
  11-Feb-99    12095     2.30     0.00     2.30
  12-Feb-99    12096    14.59     7.57    22.15
  13-Feb-99    12097     8.77     2.94    11.71
  14-Feb-99    12098     5.36     2.58     7.95
  15-Feb-99    12099    11.71     0.00    11.71
  16-Feb-99    12100    10.56     2.58    13.14
  17-Feb-99    12101     2.01     1.32     3.33
  18-Feb-99    12102     1.55     2.07     3.62
  19-Feb-99    12103     1.40     0.64     2.04
  20-Feb-99    12104     0.75     0.65     1.40
  21-Feb-99    12105     1.02     0.00     1.02
  22-Feb-99    12106     0.10     0.00     0.10
  23-Feb-99    12107     0.00     0.00     0.00
  24-Feb-99    12108     0.19     0.00     0.19
  25-Feb-99    12109     0.83     1.07     1.90
  26-Feb-99    12110     2.49     0.35     2.84
  27-Feb-99    12111     1.40     0.00     1.40
  28-Feb-99    12112    13.97     0.00    13.97
  01-Mar-99    12113     2.49     0.00     2.49
  02-Mar-99    12114    13.45     0.00    13.45
  03-Mar-99    12115     6.26     0.00     6.26
  04-Mar-99    12116     0.61     0.51     1.12
  05-Mar-99    12117     0.00     2.93     2.93
  06-Mar-99    12118     1.00     0.63     1.63
  07-Mar-99    12119     0.00     0.67     0.67
  08-Mar-99    12120     1.48     0.32     1.80
  09-Mar-99    12121     0.41     7.15     7.56
  10-Mar-99    12122     1.35     1.82     3.16
  11-Mar-99    12123     4.20     1.95     6.15
  12-Mar-99    12124    10.44     0.00    10.44
  13-Mar-99    12125     7.06     0.00     7.06
  14-Mar-99    12126     6.90     0.00     6.90
  15-Mar-99    12127     6.16     0.00     6.16
  16-Mar-99    12128    17.45     0.00    17.45
  17-Mar-99    12129     8.33     0.00     8.33
  18-Mar-99    12130     6.65     0.11     6.76
  19-Mar-99    12131     0.60     0.13     0.73
  20-Mar-99    12132     0.00     0.00     0.00
  21-Mar-99    12133     1.34     0.00     1.34
  22-Mar-99    12134     1.85     0.00     1.85
  23-Mar-99    12135     0.00     0.00     0.00
  24-Mar-99    12136     1.30     0.35     1.65
  25-Mar-99    12137     1.05     0.32     1.38
  26-Mar-99    12138     0.29     0.00     0.29
  27-Mar-99    12139     0.49     4.00     4.49
  28-Mar-99    12140    13.32     0.00    13.32
  29-Mar-99    12141     0.00     0.42     0.42
  30-Mar-99    12142     0.00     0.00     0.00
  31-Mar-99    12143     0.00     0.00     0.00
  01-Apr-99    12144     0.00     0.00     0.00
  02-Apr-99    12145     0.42     0.00     0.42
  03-Apr-99    12146     4.71     4.53     9.24
  04-Apr-99    12147     0.98     2.78     3.76
  05-Apr-99    12148     0.50     0.48     0.98
  06-Apr-99    12149     2.57     0.88     3.45
  07-Apr-99    12150     1.11     0.61     1.73
  08-Apr-99    12151     5.89     0.00     5.89
  09-Apr-99    12152     2.57     0.00     2.57
  10-Apr-99    12153     2.31     0.17     2.48
  11-Apr-99    12154     0.82     0.13     0.95
  12-Apr-99    12155     0.31     1.80     2.11
  13-Apr-99    12156     0.65     0.00     0.65
  14-Apr-99    12157     0.00     0.00     0.00
  15-Apr-99    12158     0.00     0.74     0.74
  16-Apr-99    12159     0.00     0.00     0.00
  17-Apr-99    12160     0.22     0.89     1.10
  18-Apr-99    12161     0.33     0.00     0.33
  19-Apr-99    12162     0.42     0.74     1.16
  20-Apr-99    12163     0.56     0.10     0.67
  21-Apr-99    12164     1.44     0.19     1.63
  22-Apr-99    12165     0.00     0.00     0.00
  23-Apr-99    12166     0.00     0.00     0.00
  24-Apr-99    12167     0.76     0.00     0.76
  25-Apr-99    12168     0.44     0.00     0.44
  26-Apr-99    12169     0.52     0.00     0.52
  27-Apr-99    12170     0.19     0.00     0.19
  28-Apr-99    12171     1.10     0.00     1.10
  29-Apr-99    12172     6.33     0.00     6.33
  30-Apr-99    12173     1.85     0.00     1.85
  01-May-99    12174     0.22     0.00     0.22
  02-May-99    12175     3.19     0.00     3.19
  03-May-99    12176    31.91     0.00    31.91
  04-May-99    12177     3.81     0.00     3.81
  05-May-99    12178     0.90     0.00     0.90
  06-May-99    12179     2.07     0.38     2.45
  07-May-99    12180    10.23     0.81    11.04
  08-May-99    12181    33.06     0.17    33.23
  09-May-99    12182     5.58     0.32     5.90
  10-May-99    12183     7.30     0.86     8.16
  11-May-99    12184     7.53     1.26     8.79
  12-May-99    12185     0.00     0.23     0.23
  13-May-99    12186     0.77     0.68     1.46
  14-May-99    12187     0.00     2.00     2.00
  15-May-99    12188     1.22     5.11     6.32
  16-May-99    12189     0.36     2.13     2.49
  17-May-99    12190     3.20     2.35     5.55
  18-May-99    12191     1.80     0.80     2.60
  19-May-99    12192     0.14     0.00     0.14
  20-May-99    12193     1.33     0.00     1.33
  21-May-99    12194     3.15     0.11     3.26
  22-May-99    12195     0.17     0.95     1.11
  23-May-99    12196     3.90     0.82     4.72
  24-May-99    12197     1.81     1.21     3.02
  25-May-99    12198     0.98     0.77     1.76
  26-May-99    12199    12.38     1.00    13.38
  27-May-99    12200     5.96     1.89     7.85
  28-May-99    12201     0.81     1.19     2.01
  29-May-99    12202     1.16     0.47     1.64
  30-May-99    12203     2.81     0.00     2.81
  31-May-99    12204     0.36     2.72     3.08
  01-Jun-99    12205     9.16     4.38    13.54
  02-Jun-99    12206     1.38     2.44     3.82
  03-Jun-99    12207     6.38    12.35    18.73
  04-Jun-99    12208     9.42     1.07    10.49
  05-Jun-99    12209     2.44     0.56     3.00
  06-Jun-99    12210    10.53     0.36    10.89
  07-Jun-99    12211     0.27     1.08     1.35
  08-Jun-99    12212     2.44     1.49     3.93
  09-Jun-99    12213     2.96     0.10     3.06
  10-Jun-99    12214     1.88     0.22     2.10
  11-Jun-99    12215     4.16     0.07     4.22
  12-Jun-99    12216     2.28     6.82     9.10
  13-Jun-99    12217     7.08     2.52     9.60
  14-Jun-99    12218     6.01     0.30     6.31
  15-Jun-99    12219     1.86     0.42     2.29
  16-Jun-99    12220     3.48     0.79     4.28
  17-Jun-99    12221     0.76     0.00     0.76
  18-Jun-99    12222     3.94     0.34     4.29
  19-Jun-99    12223     0.00     0.00     0.00
  20-Jun-99    12224     3.33     0.24     3.56
  21-Jun-99    12225     0.84     3.56     4.40
  22-Jun-99    12226     2.86     3.51     6.37
  23-Jun-99    12227    15.48     1.11    16.59
  24-Jun-99    12228    12.95     0.63    13.58
  25-Jun-99    12229     7.12     0.10     7.22
  26-Jun-99    12230    16.99     1.69    18.68
  27-Jun-99    12231    10.18     1.66    11.84
  28-Jun-99    12232     3.91     8.19    12.10
  29-Jun-99    12233     8.76     8.20    16.96
  30-Jun-99    12234     2.75    29.93    32.69
  01-Jul-99    12235     5.48    13.81    19.29
  02-Jul-99    12236     6.38     7.54    13.92
  03-Jul-99    12237     5.54     4.39     9.94
  04-Jul-99    12238     2.23    13.47    15.71
  05-Jul-99    12239     5.22    11.76    16.98
  06-Jul-99    12240     2.78     1.09     3.86
  07-Jul-99    12241     0.18     2.67     2.85
  08-Jul-99    12242     0.56     2.19     2.75
  09-Jul-99    12243     6.48     2.66     9.14
  10-Jul-99    12244     4.85     1.28     6.13
  11-Jul-99    12245     2.52     5.17     7.70
  12-Jul-99    12246     1.64     3.03     4.66
  13-Jul-99    12247     0.62     1.47     2.09
  14-Jul-99    12248     0.47     1.58     2.06
  15-Jul-99    12249     0.43     1.38     1.81
  16-Jul-99    12250     0.25     0.22     0.47
  17-Jul-99    12251     4.20     0.00     4.20
  18-Jul-99    12252     0.57     0.00     0.57
  19-Jul-99    12253    15.36     0.00    15.36
  20-Jul-99    12254     2.00     0.30     2.29
  21-Jul-99    12255     1.69     1.11     2.80
  22-Jul-99    12256     5.62     0.33     5.95
  23-Jul-99    12257    19.73     0.42    20.15
  24-Jul-99    12258     4.10     1.72     5.81
  25-Jul-99    12259     2.51     4.42     6.93
  26-Jul-99    12260     0.29     1.62     1.91
  27-Jul-99    12261     5.70     0.61     6.31
  28-Jul-99    12262     6.09    12.61    18.70
  29-Jul-99    12263    21.93    11.63    33.56
  30-Jul-99    12264    14.96     6.97    21.92
  31-Jul-99    12265     9.75     1.60    11.35
  01-Aug-99    12266     2.01     5.61     7.62
  02-Aug-99    12267     4.61    13.84    18.45
  03-Aug-99    12268     4.97     2.53     7.50
  04-Aug-99    12269     3.09    14.82    17.91
  05-Aug-99    12270     1.51     7.07     8.58
  06-Aug-99    12271     2.12     2.53     4.65
  07-Aug-99    12272     1.55     2.14     3.69
  08-Aug-99    12273     0.00     2.79     2.79
  09-Aug-99    12274     0.00     1.76     1.76
  10-Aug-99    12275     3.42     4.41     7.82
  11-Aug-99    12276     0.00     0.94     0.94
  12-Aug-99    12277     0.00     0.07     0.07
  13-Aug-99    12278     0.37     5.17     5.55
  14-Aug-99    12279     0.80     1.45     2.25
  15-Aug-99    12280     1.83     1.18     3.00
  16-Aug-99    12281     1.44     0.00     1.44
  17-Aug-99    12282     3.78     0.42     4.20
  18-Aug-99    12283     0.48     0.00     0.48
  19-Aug-99    12284     3.14     0.00     3.14
  20-Aug-99    12285     1.48     3.55     5.02
  21-Aug-99    12286     0.08     1.10     1.19
  22-Aug-99    12287     0.88     2.60     3.49
  23-Aug-99    12288     0.52     2.32     2.84
  24-Aug-99    12289     0.90     8.90     9.81
  25-Aug-99    12290     0.09     4.53     4.63
  26-Aug-99    12291     0.00     9.64     9.64
  27-Aug-99    12292     4.20    37.53    41.72
  28-Aug-99    12293     6.76    39.04    45.80
  29-Aug-99    12294     6.90     1.71     8.61
  30-Aug-99    12295    17.33     4.55    21.88
  31-Aug-99    12296     6.33     0.00     6.33
  01-Sep-99    12297     0.83     0.62     1.45
  02-Sep-99    12298     7.09     0.00     7.09
  03-Sep-99    12299     0.95     5.72     6.67
  04-Sep-99    12300     0.00     0.12     0.12
  05-Sep-99    12301     1.67     0.46     2.13
  06-Sep-99    12302     0.26     0.00     0.26
  07-Sep-99    12303     1.39     0.00     1.39
  08-Sep-99    12304     0.52     0.00     0.52
  09-Sep-99    12305     2.16     0.78     2.94
  10-Sep-99    12306     1.29     1.00     2.29
  11-Sep-99    12307     4.07     0.18     4.25
  12-Sep-99    12308     3.06     0.42     3.48
  13-Sep-99    12309     8.69     0.00     8.69
  14-Sep-99    12310     1.83     0.67     2.50
  15-Sep-99    12311     6.29     0.45     6.74
  16-Sep-99    12312    13.54     0.85    14.40
  17-Sep-99    12313     9.80     0.72    10.52
  18-Sep-99    12314     3.25     0.00     3.25
  19-Sep-99    12315     3.28     0.34     3.63
  20-Sep-99    12316     4.07     0.00     4.07
  21-Sep-99    12317     0.44     0.10     0.53
  22-Sep-99    12318     3.19     1.90     5.08
  23-Sep-99    12319     1.02     0.00     1.02
  24-Sep-99    12320     0.63     0.00     0.63
  25-Sep-99    12321     1.30     0.08     1.38
  26-Sep-99    12322     6.44     0.75     7.19
  27-Sep-99    12323     0.38     0.23     0.60
  28-Sep-99    12324     0.00     0.00     0.00
  29-Sep-99    12325     0.15     0.24     0.40
  30-Sep-99    12326     0.12     1.48     1.60
  01-Oct-99    12327     0.38     3.83     4.21
  02-Oct-99    12328     1.00     0.52     1.52
  03-Oct-99    12329     4.55     0.77     5.32
  04-Oct-99    12330     3.13     0.32     3.45
  05-Oct-99    12331     1.02     0.00     1.02
  06-Oct-99    12332     2.86     0.36     3.21
  07-Oct-99    12333     1.11     0.00     1.11
  08-Oct-99    12334     5.10     0.00     5.10
  09-Oct-99    12335     1.08     0.00     1.08
  10-Oct-99    12336     0.89     0.00     0.89
  11-Oct-99    12337     0.25     0.00     0.25
  12-Oct-99    12338     0.00     0.00     0.00
  13-Oct-99    12339     3.28     0.00     3.28
  14-Oct-99    12340     3.58     0.36     3.93
  15-Oct-99    12341     4.17     0.00     4.17
  16-Oct-99    12342     1.42     0.00     1.42
  17-Oct-99    12343     5.14     0.00     5.14
  18-Oct-99    12344     7.10     0.70     7.80
  19-Oct-99    12345     4.67     0.26     4.92
  20-Oct-99    12346     4.62     0.46     5.07
  21-Oct-99    12347     1.64     5.25     6.89
  22-Oct-99    12348     0.38     0.94     1.32
  23-Oct-99    12349     0.00     1.80     1.80
  24-Oct-99    12350     0.42     1.14     1.56
  25-Oct-99    12351     0.64    11.88    12.52
  26-Oct-99    12352     0.00    10.40    10.40
  27-Oct-99    12353     1.14     2.15     3.30
  28-Oct-99    12354     2.96     0.44     3.40
  29-Oct-99    12355     2.58     3.56     6.14
  30-Oct-99    12356     0.00     0.00     0.00
  31-Oct-99    12357     0.73     5.94     6.67
  01-Nov-99    12358     0.88     4.16     5.05
  02-Nov-99    12359     0.00     0.60     0.60
  03-Nov-99    12360     0.49     1.27     1.76
  04-Nov-99    12361     0.13     7.20     7.33
  05-Nov-99    12362     0.52     4.08     4.60
  06-Nov-99    12363     1.58     0.62     2.21
  07-Nov-99    12364     5.39     1.13     6.51
  08-Nov-99    12365    13.99     1.50    15.49
  09-Nov-99    12366    43.96     0.00    43.96
  10-Nov-99    12367    18.14     3.70    21.84
  11-Nov-99    12368    11.98     4.16    16.14
  12-Nov-99    12369     8.97    12.02    20.99
  13-Nov-99    12370     2.91    16.84    19.76
  14-Nov-99    12371    27.99    31.12    59.11
  15-Nov-99    12372     4.90    13.12    18.02
  16-Nov-99    12373    65.14    20.08    85.22
  17-Nov-99    12374    11.96     3.63    15.59
  18-Nov-99    12375     7.44     6.38    13.82
  19-Nov-99    12376     4.70     7.50    12.20
  20-Nov-99    12377     0.31    20.10    20.41
  21-Nov-99    12378     1.52    11.58    13.10
  22-Nov-99    12379     2.11     7.74     9.85
  23-Nov-99    12380     0.29     4.27     4.56
  24-Nov-99    12381     0.17    14.38    14.55
  25-Nov-99    12382     0.00    15.09    15.09
  26-Nov-99    12383     0.00    45.08    45.08
  27-Nov-99    12384     0.48    16.08    16.56
  28-Nov-99    12385     0.53     6.18     6.70
  29-Nov-99    12386     3.88    10.39    14.27
  30-Nov-99    12387     8.90     0.33     9.23
  01-Dec-99    12388     4.24     0.00     4.24
  02-Dec-99    12389     3.92     0.25     4.17
  03-Dec-99    12390     0.34     0.00     0.34
  04-Dec-99    12391     1.60     0.00     1.60
  05-Dec-99    12392     0.17     0.00     0.17
  06-Dec-99    12393     4.47     0.00     4.47
  07-Dec-99    12394     0.36     0.74     1.09
  08-Dec-99    12395     2.27     0.25     2.53
  09-Dec-99    12396     0.78     0.49     1.27
  10-Dec-99    12397     0.55     0.37     0.92
  11-Dec-99    12398     2.77     0.72     3.49
  12-Dec-99    12399     0.15     0.00     0.15
  13-Dec-99    12400     0.20     0.27     0.48
  14-Dec-99    12401     0.11     1.24     1.35
  15-Dec-99    12402     0.00     2.82     2.82
  16-Dec-99    12403     0.00     2.98     2.98
  17-Dec-99    12404     0.00     5.75     5.75
  18-Dec-99    12405    12.67     3.99    16.67
  19-Dec-99    12406     2.90     1.00     3.90
  20-Dec-99    12407     5.04     3.23     8.27
  21-Dec-99    12408     6.51     0.44     6.95
  22-Dec-99    12409    13.85     2.51    16.36
  23-Dec-99    12410     3.09     4.32     7.41
  24-Dec-99    12411     1.69     0.64     2.33
  25-Dec-99    12412     2.57     0.00     2.57
  26-Dec-99    12413     0.83     0.00     0.83
  27-Dec-99    12414     4.00     0.15     4.16
  28-Dec-99    12415     6.56     0.00     6.56
  29-Dec-99    12416     1.21     0.12     1.33
  30-Dec-99    12417     0.19     0.00     0.19
  31-Dec-99    12418     0.78     0.00     0.78