
            DAILY SOLAR FLARE INDEX
           01 JAN 1973 - 31 DEC 1973
________________________________________________

  TIME (DAY)            NORTH    SOUTH    TOTAL
================================================
  01-Jan-73     2558     0.18     0.00     0.18
  02-Jan-73     2559     0.00     2.64     2.64
  03-Jan-73     2560     1.79     0.00     1.79
  04-Jan-73     2561     3.72     0.00     3.72
  05-Jan-73     2562     2.91     0.00     2.91
  06-Jan-73     2563     3.58     1.74     5.32
  07-Jan-73     2564     1.58     0.00     1.58
  08-Jan-73     2565     1.22     0.00     1.22
  09-Jan-73     2566     0.76     0.81     1.57
  10-Jan-73     2567     1.54     0.00     1.54
  11-Jan-73     2568     3.88     0.00     3.88
  12-Jan-73     2569     7.92     0.92     8.83
  13-Jan-73     2570     3.05     0.00     3.05
  14-Jan-73     2571     0.63     0.00     0.63
  15-Jan-73     2572     0.00     0.00     0.00
  16-Jan-73     2573     0.00     0.00     0.00
  17-Jan-73     2574     0.00     0.00     0.00
  18-Jan-73     2575     0.00     0.00     0.00
  19-Jan-73     2576     0.00     0.00     0.00
  20-Jan-73     2577     0.74     0.39     1.13
  21-Jan-73     2578     0.00     0.00     0.00
  22-Jan-73     2579     0.79     0.00     0.79
  23-Jan-73     2580     0.00     0.00     0.00
  24-Jan-73     2581     0.00     0.00     0.00
  25-Jan-73     2582     1.17     1.17     2.33
  26-Jan-73     2583     0.00     0.00     0.00
  27-Jan-73     2584     0.00     0.00     0.00
  28-Jan-73     2585     1.63     0.00     1.63
  29-Jan-73     2586     0.00     0.00     0.00
  30-Jan-73     2587     0.00     0.00     0.00
  31-Jan-73     2588     0.00     0.33     0.33
  01-Feb-73     2589     2.72     0.00     2.72
  02-Feb-73     2590     0.00     0.52     0.52
  03-Feb-73     2591     0.00     0.00     0.00
  04-Feb-73     2592     0.00     0.00     0.00
  05-Feb-73     2593     0.00     0.00     0.00
  06-Feb-73     2594     0.00     0.00     0.00
  07-Feb-73     2595     0.00     0.00     0.00
  08-Feb-73     2596     0.00     0.00     0.00
  09-Feb-73     2597     0.00     0.00     0.00
  10-Feb-73     2598     0.00     0.00     0.00
  11-Feb-73     2599     0.00     0.42     0.42
  12-Feb-73     2600     0.00     2.91     2.91
  13-Feb-73     2601     1.06     0.51     1.57
  14-Feb-73     2602     1.21     0.00     1.21
  15-Feb-73     2603     3.82     0.00     3.82
  16-Feb-73     2604     0.00     0.79     0.79
  17-Feb-73     2605     0.00     0.18     0.18
  18-Feb-73     2606     0.00     5.00     5.00
  19-Feb-73     2607     0.00     5.66     5.66
  20-Feb-73     2608     0.00     0.88     0.88
  21-Feb-73     2609     0.00     0.60     0.60
  22-Feb-73     2610     4.23     1.23     5.46
  23-Feb-73     2611     1.90     1.43     3.33
  24-Feb-73     2612     0.94     0.00     0.94
  25-Feb-73     2613     0.17     0.00     0.17
  26-Feb-73     2614     0.00     0.00     0.00
  27-Feb-73     2615     2.29     0.00     2.29
  28-Feb-73     2616     4.83     0.00     4.83
  01-Mar-73     2617     9.81     0.00     9.81
  02-Mar-73     2618     0.00     0.00     0.00
  03-Mar-73     2619     0.00     0.00     0.00
  04-Mar-73     2620     0.00     0.00     0.00
  05-Mar-73     2621     0.00     2.75     2.75
  06-Mar-73     2622     0.00     4.25     4.25
  07-Mar-73     2623     0.00     0.66     0.66
  08-Mar-73     2624     0.00     5.95     5.95
  09-Mar-73     2625     0.00     8.13     8.13
  10-Mar-73     2626     0.00     1.05     1.05
  11-Mar-73     2627     0.00     0.93     0.93
  12-Mar-73     2628     0.00     6.22     6.22
  13-Mar-73     2629     2.14     4.79     6.92
  14-Mar-73     2630     4.24     4.11     8.35
  15-Mar-73     2631     0.79     0.00     0.79
  16-Mar-73     2632     0.00     0.45     0.45
  17-Mar-73     2633     0.00     0.00     0.00
  18-Mar-73     2634     0.00     1.62     1.62
  19-Mar-73     2635     0.00     0.85     0.85
  20-Mar-73     2636     0.81     0.00     0.81
  21-Mar-73     2637     1.00     0.00     1.00
  22-Mar-73     2638     0.00     0.00     0.00
  23-Mar-73     2639     2.08     0.00     2.08
  24-Mar-73     2640     4.21     0.00     4.21
  25-Mar-73     2641     2.86     0.00     2.86
  26-Mar-73     2642     4.63     0.00     4.63
  27-Mar-73     2643     1.42     0.00     1.42
  28-Mar-73     2644     3.33     0.25     3.58
  29-Mar-73     2645     0.00     0.27     0.27
  30-Mar-73     2646     0.23     0.14     0.37
  31-Mar-73     2647     1.01     0.00     1.01
  01-Apr-73     2648     7.63     4.35    11.98
  02-Apr-73     2649     2.31     0.00     2.31
  03-Apr-73     2650     0.00     2.13     2.13
  04-Apr-73     2651     0.00     4.68     4.68
  05-Apr-73     2652     2.86     0.00     2.86
  06-Apr-73     2653     0.00     1.14     1.14
  07-Apr-73     2654     0.00     0.33     0.33
  08-Apr-73     2655     0.00     8.63     8.63
  09-Apr-73     2656     0.00     0.97     0.97
  10-Apr-73     2657     0.00    14.89    14.89
  11-Apr-73     2658     0.00    15.46    15.46
  12-Apr-73     2659     0.00     1.16     1.16
  13-Apr-73     2660     0.00     2.29     2.29
  14-Apr-73     2661     0.00     1.71     1.71
  15-Apr-73     2662     0.00     0.91     0.91
  16-Apr-73     2663     0.00     0.92     0.92
  17-Apr-73     2664     0.63     0.00     0.63
  18-Apr-73     2665     0.47     0.00     0.47
  19-Apr-73     2666     1.76     0.00     1.76
  20-Apr-73     2667     0.00     0.00     0.00
  21-Apr-73     2668     0.68     0.00     0.68
  22-Apr-73     2669     2.10     0.92     3.03
  23-Apr-73     2670     0.00     1.38     1.38
  24-Apr-73     2671     1.08     0.00     1.08
  25-Apr-73     2672     2.45     0.80     3.25
  26-Apr-73     2673     6.25     0.42     6.67
  27-Apr-73     2674     1.51     1.05     2.56
  28-Apr-73     2675     0.75     1.25     2.00
  29-Apr-73     2676    21.71     0.58    22.29
  30-Apr-73     2677     1.79     8.76    10.56
  01-May-73     2678     0.17     5.42     5.58
  02-May-73     2679     0.00     5.00     5.00
  03-May-73     2680     0.00     8.08     8.08
  04-May-73     2681     0.00     3.91     3.91
  05-May-73     2682     0.00    16.58    16.58
  06-May-73     2683     0.00     2.16     2.16
  07-May-73     2684     0.00     2.33     2.33
  08-May-73     2685     0.00     0.00     0.00
  09-May-73     2686     0.00     4.29     4.29
  10-May-73     2687     0.00     0.92     0.92
  11-May-73     2688     0.00     0.00     0.00
  12-May-73     2689     0.00     0.00     0.00
  13-May-73     2690     0.00     0.00     0.00
  14-May-73     2691     0.43     0.00     0.43
  15-May-73     2692     0.84     0.00     0.84
  16-May-73     2693     1.54     0.00     1.54
  17-May-73     2694     4.83     0.00     4.83
  18-May-73     2695     3.08     0.17     3.25
  19-May-73     2696     5.92     0.00     5.92
  20-May-73     2697     2.92     1.04     3.96
  21-May-73     2698     2.88     0.50     3.38
  22-May-73     2699     1.43     0.00     1.43
  23-May-73     2700     1.50     0.00     1.50
  24-May-73     2701     3.46     1.21     4.67
  25-May-73     2702     3.70     0.00     3.70
  26-May-73     2703     0.00     0.00     0.00
  27-May-73     2704     0.00     0.25     0.25
  28-May-73     2705     0.00     0.71     0.71
  29-May-73     2706     0.00     0.00     0.00
  30-May-73     2707     0.00     0.00     0.00
  31-May-73     2708     0.00     0.00     0.00
  01-Jun-73     2709     0.00     0.00     0.00
  02-Jun-73     2710     0.54     0.00     0.54
  03-Jun-73     2711     0.00     0.00     0.00
  04-Jun-73     2712     0.00     0.00     0.00
  05-Jun-73     2713     0.00     0.00     0.00
  06-Jun-73     2714     1.04     0.00     1.04
  07-Jun-73     2715     0.21     0.00     0.21
  08-Jun-73     2716     0.00     0.00     0.00
  09-Jun-73     2717     0.67     0.00     0.67
  10-Jun-73     2718     0.00     0.00     0.00
  11-Jun-73     2719     0.00     0.00     0.00
  12-Jun-73     2720     1.88     0.00     1.88
  13-Jun-73     2721     1.14     0.00     1.14
  14-Jun-73     2722     3.92     0.00     3.92
  15-Jun-73     2723     3.50     1.25     4.75
  16-Jun-73     2724     7.44     0.00     7.44
  17-Jun-73     2725     0.00     0.00     0.00
  18-Jun-73     2726     0.34     0.00     0.34
  19-Jun-73     2727     0.00     0.00     0.00
  20-Jun-73     2728     0.00     0.35     0.35
  21-Jun-73     2729     0.00     0.63     0.63
  22-Jun-73     2730     0.00     0.00     0.00
  23-Jun-73     2731     0.00     0.51     0.51
  24-Jun-73     2732     0.00     2.21     2.21
  25-Jun-73     2733     0.00     0.00     0.00
  26-Jun-73     2734     0.00     8.44     8.44
  27-Jun-73     2735     0.00     0.58     0.58
  28-Jun-73     2736     0.42     1.34     1.76
  29-Jun-73     2737     2.63     1.83     4.46
  30-Jun-73     2738     2.52     0.17     2.69
  01-Jul-73     2739     0.25     0.00     0.25
  02-Jul-73     2740     0.00     0.26     0.26
  03-Jul-73     2741     0.00     0.00     0.00
  04-Jul-73     2742     0.00     1.54     1.54
  05-Jul-73     2743     0.00     0.00     0.00
  06-Jul-73     2744     0.79     0.00     0.79
  07-Jul-73     2745     2.21     1.17     3.38
  08-Jul-73     2746     2.48     0.68     3.16
  09-Jul-73     2747     4.13     0.00     4.13
  10-Jul-73     2748     0.83     0.00     0.83
  11-Jul-73     2749     0.00     0.00     0.00
  12-Jul-73     2750     0.00     0.00     0.00
  13-Jul-73     2751     0.00     0.00     0.00
  14-Jul-73     2752     0.00     0.00     0.00
  15-Jul-73     2753     0.00     0.00     0.00
  16-Jul-73     2754     0.00     0.00     0.00
  17-Jul-73     2755     0.00     0.00     0.00
  18-Jul-73     2756     0.96     0.00     0.96
  19-Jul-73     2757     0.00     0.00     0.00
  20-Jul-73     2758     0.00     0.00     0.00
  21-Jul-73     2759     0.00     0.00     0.00
  22-Jul-73     2760     0.00     0.00     0.00
  23-Jul-73     2761     0.00     0.00     0.00
  24-Jul-73     2762     0.00     3.33     3.33
  25-Jul-73     2763     0.00     0.00     0.00
  26-Jul-73     2764     0.56     0.34     0.91
  27-Jul-73     2765     0.33     0.00     0.33
  28-Jul-73     2766     0.26     0.00     0.26
  29-Jul-73     2767    24.50     0.58    25.08
  30-Jul-73     2768     0.00     0.00     0.00
  31-Jul-73     2769     0.00     0.00     0.00
  01-Aug-73     2770     0.00     0.83     0.83
  02-Aug-73     2771     0.00     0.96     0.96
  03-Aug-73     2772     0.00     1.92     1.92
  04-Aug-73     2773     1.42     0.46     1.88
  05-Aug-73     2774     0.43     0.00     0.43
  06-Aug-73     2775     9.79     0.00     9.79
  07-Aug-73     2776     1.08     0.00     1.08
  08-Aug-73     2777     0.42     0.00     0.42
  09-Aug-73     2778     0.50     0.00     0.50
  10-Aug-73     2779     0.58     0.00     0.58
  11-Aug-73     2780     0.00     0.00     0.00
  12-Aug-73     2781     0.00     0.00     0.00
  13-Aug-73     2782     0.00     0.00     0.00
  14-Aug-73     2783     0.00     0.00     0.00
  15-Aug-73     2784     0.00     0.00     0.00
  16-Aug-73     2785     0.00     0.00     0.00
  17-Aug-73     2786     0.00     0.00     0.00
  18-Aug-73     2787     0.00     0.00     0.00
  19-Aug-73     2788     0.00     0.00     0.00
  20-Aug-73     2789     0.00     0.00     0.00
  21-Aug-73     2790     4.08     0.00     4.08
  22-Aug-73     2791     0.00     0.00     0.00
  23-Aug-73     2792     0.00     0.00     0.00
  24-Aug-73     2793     0.00     0.00     0.00
  25-Aug-73     2794     0.00     0.00     0.00
  26-Aug-73     2795     0.00     0.00     0.00
  27-Aug-73     2796     1.96     0.00     1.96
  28-Aug-73     2797     0.00     0.00     0.00
  29-Aug-73     2798     0.00     0.00     0.00
  30-Aug-73     2799     0.00     0.83     0.83
  31-Aug-73     2800     0.38     0.34     0.72
  01-Sep-73     2801     1.28     0.97     2.26
  02-Sep-73     2802     0.00     2.61     2.61
  03-Sep-73     2803     0.71     2.68     3.38
  04-Sep-73     2804     1.89     1.12     3.00
  05-Sep-73     2805     1.35     2.17     3.53
  06-Sep-73     2806     0.29     4.21     4.50
  07-Sep-73     2807     0.00    13.63    13.63
  08-Sep-73     2808     0.25     1.54     1.79
  09-Sep-73     2809     0.25     0.17     0.42
  10-Sep-73     2810     0.00     2.62     2.62
  11-Sep-73     2811     0.00     3.36     3.36
  12-Sep-73     2812     0.00     0.18     0.18
  13-Sep-73     2813     0.00     0.62     0.62
  14-Sep-73     2814     0.00     2.25     2.25
  15-Sep-73     2815     0.00     0.21     0.21
  16-Sep-73     2816     0.00     0.00     0.00
  17-Sep-73     2817     0.00     0.00     0.00
  18-Sep-73     2818     0.00     0.00     0.00
  19-Sep-73     2819     0.00     0.00     0.00
  20-Sep-73     2820     0.00     0.00     0.00
  21-Sep-73     2821     0.00     0.00     0.00
  22-Sep-73     2822     0.00     0.00     0.00
  23-Sep-73     2823     0.00     0.59     0.59
  24-Sep-73     2824     1.50     0.00     1.50
  25-Sep-73     2825     0.00     0.00     0.00
  26-Sep-73     2826     0.92     0.00     0.92
  27-Sep-73     2827     0.27     0.84     1.11
  28-Sep-73     2828     0.00     0.00     0.00
  29-Sep-73     2829     0.08     1.13     1.22
  30-Sep-73     2830     4.71     1.29     6.00
  01-Oct-73     2831     0.53     0.70     1.23
  02-Oct-73     2832     0.00     0.46     0.46
  03-Oct-73     2833     2.03     0.00     2.03
  04-Oct-73     2834     0.00     6.83     6.83
  05-Oct-73     2835     0.00     1.75     1.75
  06-Oct-73     2836     0.00     6.81     6.81
  07-Oct-73     2837     0.28     0.00     0.28
  08-Oct-73     2838     0.00     1.12     1.12
  09-Oct-73     2839     0.00     0.00     0.00
  10-Oct-73     2840     0.00     0.88     0.88
  11-Oct-73     2841     0.00     0.00     0.00
  12-Oct-73     2842     0.00     0.00     0.00
  13-Oct-73     2843     0.00     0.00     0.00
  14-Oct-73     2844     0.00     0.00     0.00
  15-Oct-73     2845     0.00     0.00     0.00
  16-Oct-73     2846     0.00     0.00     0.00
  17-Oct-73     2847     0.00     0.00     0.00
  18-Oct-73     2848     0.00     0.00     0.00
  19-Oct-73     2849     0.00     0.00     0.00
  20-Oct-73     2850     0.00     0.00     0.00
  21-Oct-73     2851     0.00     1.58     1.58
  22-Oct-73     2852     0.00     0.36     0.36
  23-Oct-73     2853     0.00     0.00     0.00
  24-Oct-73     2854     0.00     2.58     2.58
  25-Oct-73     2855     0.25     0.00     0.25
  26-Oct-73     2856     0.00     1.25     1.25
  27-Oct-73     2857    10.44     0.00    10.44
  28-Oct-73     2858     0.29     2.01     2.30
  29-Oct-73     2859     0.00     0.00     0.00
  30-Oct-73     2860     0.00     1.70     1.70
  31-Oct-73     2861     0.00     0.00     0.00
  01-Nov-73     2862     0.53     2.58     3.11
  02-Nov-73     2863     0.00     0.00     0.00
  03-Nov-73     2864     0.00     2.14     2.14
  04-Nov-73     2865     0.00     0.95     0.95
  05-Nov-73     2866     0.00     0.00     0.00
  06-Nov-73     2867     2.01     0.00     2.01
  07-Nov-73     2868     0.00     0.00     0.00
  08-Nov-73     2869     0.00     0.00     0.00
  09-Nov-73     2870     0.00     0.00     0.00
  10-Nov-73     2871     0.00     0.00     0.00
  11-Nov-73     2872     0.00     0.00     0.00
  12-Nov-73     2873     0.00     0.00     0.00
  13-Nov-73     2874     1.19     0.00     1.19
  14-Nov-73     2875     0.00     0.00     0.00
  15-Nov-73     2876     0.00     0.00     0.00
  16-Nov-73     2877     0.00     0.00     0.00
  17-Nov-73     2878     0.00     0.00     0.00
  18-Nov-73     2879     0.00     0.00     0.00
  19-Nov-73     2880     0.00     0.45     0.45
  20-Nov-73     2881     0.00     0.59     0.59
  21-Nov-73     2882     0.00     0.81     0.81
  22-Nov-73     2883     0.00     2.21     2.21
  23-Nov-73     2884     0.00     0.42     0.42
  24-Nov-73     2885     0.00     0.00     0.00
  25-Nov-73     2886     0.00     1.67     1.67
  26-Nov-73     2887     0.00     3.64     3.64
  27-Nov-73     2888     0.00     0.42     0.42
  28-Nov-73     2889     0.00     0.38     0.38
  29-Nov-73     2890     0.00     0.00     0.00
  30-Nov-73     2891     0.00     1.59     1.59
  01-Dec-73     2892     0.00     0.00     0.00
  02-Dec-73     2893     0.00     4.92     4.92
  03-Dec-73     2894     0.00     0.75     0.75
  04-Dec-73     2895     0.00     0.00     0.00
  05-Dec-73     2896     0.00     0.00     0.00
  06-Dec-73     2897     0.00     0.00     0.00
  07-Dec-73     2898     0.00     0.00     0.00
  08-Dec-73     2899     0.00     0.00     0.00
  09-Dec-73     2900     0.00     0.00     0.00
  10-Dec-73     2901     0.00     0.00     0.00
  11-Dec-73     2902     0.00     0.00     0.00
  12-Dec-73     2903     0.83     0.00     0.83
  13-Dec-73     2904     0.00     0.00     0.00
  14-Dec-73     2905     0.21     0.00     0.21
  15-Dec-73     2906     0.00     0.00     0.00
  16-Dec-73     2907     0.00     4.67     4.67
  17-Dec-73     2908     0.00     2.50     2.50
  18-Dec-73     2909     0.00     0.51     0.51
  19-Dec-73     2910     0.00     2.71     2.71
  20-Dec-73     2911     0.00     0.58     0.58
  21-Dec-73     2912     0.00     1.71     1.71
  22-Dec-73     2913     0.00     0.00     0.00
  23-Dec-73     2914     0.92     0.00     0.92
  24-Dec-73     2915     0.00     0.00     0.00
  25-Dec-73     2916     0.00     1.37     1.37
  26-Dec-73     2917     0.00     0.81     0.81
  27-Dec-73     2918     0.00     0.79     0.79
  28-Dec-73     2919     0.00     0.00     0.00
  29-Dec-73     2920     0.00     0.00     0.00
  30-Dec-73     2921     0.00     0.00     0.00
  31-Dec-73     2922     0.00     0.00     0.00