
            DAILY SOLAR FLARE INDEX
           01 JAN 2006 - 31 DEC 2006
________________________________________________

 TIME (DAY)            NORTH    SOUTH    TOTAL
================================================
01-Jan-2006    14611     0.00     0.00     0.00
02-Jan-2006    14612     0.00     0.00     0.00
03-Jan-2006    14613     0.00     0.00     0.00
04-Jan-2006    14614     0.00     0.00     0.00
05-Jan-2006    14615     0.26     0.00     0.26
06-Jan-2006    14616     0.00     0.00     0.00
07-Jan-2006    14617     0.00     0.00     0.00
08-Jan-2006    14618     0.00     0.00     0.00
09-Jan-2006    14619     0.00     0.00     0.00
10-Jan-2006    14620     0.00     0.00     0.00
11-Jan-2006    14621     0.00     0.00     0.00
12-Jan-2006    14622     0.00     0.00     0.00
13-Jan-2006    14623     0.00     0.00     0.00
14-Jan-2006    14624     0.00     0.00     0.00
15-Jan-2006    14625     0.00     0.00     0.00
16-Jan-2006    14626     0.00     0.00     0.00
17-Jan-2006    14627     0.00     0.00     0.00
18-Jan-2006    14628     0.00     0.00     0.00
19-Jan-2006    14629     0.00     0.00     0.00
20-Jan-2006    14630     0.00     0.00     0.00
21-Jan-2006    14631     0.00     0.00     0.00
22-Jan-2006    14632     0.00     0.40     0.40
23-Jan-2006    14633     0.00     0.00     0.00
24-Jan-2006    14634     0.00     0.13     0.13
25-Jan-2006    14635     0.00     0.00     0.00
26-Jan-2006    14636     0.00     0.00     0.00
27-Jan-2006    14637     0.00     0.00     0.00
28-Jan-2006    14638     0.00     0.00     0.00
29-Jan-2006    14639     0.00     0.00     0.00
30-Jan-2006    14640     0.00     0.00     0.00
31-Jan-2006    14641     0.00     0.00     0.00
01-Feb-2006    14642     0.00     0.00     0.00
02-Feb-2006    14643     0.00     0.00     0.00
03-Feb-2006    14644     0.00     0.00     0.00
04-Feb-2006    14645     0.00     0.00     0.00
05-Feb-2006    14646     0.00     0.00     0.00
06-Feb-2006    14647     0.00     0.00     0.00
07-Feb-2006    14648     0.00     0.00     0.00
08-Feb-2006    14649     0.00     0.00     0.00
09-Feb-2006    14650     0.00     0.00     0.00
10-Feb-2006    14651     0.00     0.00     0.00
11-Feb-2006    14652     0.00     0.00     0.00
12-Feb-2006    14653     0.00     0.00     0.00
13-Feb-2006    14654     0.00     0.00     0.00
14-Feb-2006    14655     0.00     0.00     0.00
15-Feb-2006    14656     0.00     0.00     0.00
16-Feb-2006    14657     0.00     0.00     0.00
17-Feb-2006    14658     0.00     0.00     0.00
18-Feb-2006    14659     0.00     0.00     0.00
19-Feb-2006    14660     0.00     0.00     0.00
20-Feb-2006    14661     0.00     0.00     0.00
21-Feb-2006    14662     0.00     0.00     0.00
22-Feb-2006    14663     0.00     0.00     0.00
23-Feb-2006    14664     0.00     0.00     0.00
24-Feb-2006    14665     0.00     0.00     0.00
25-Feb-2006    14666     0.00     0.00     0.00
26-Feb-2006    14667     0.00     0.00     0.00
27-Feb-2006    14668     0.00     0.00     0.00
28-Feb-2006    14669     0.00     0.00     0.00
01-Mar-2006    14670     0.00     0.00     0.00
02-Mar-2006    14671     0.00     0.00     0.00
03-Mar-2006    14672     0.00     0.00     0.00
04-Mar-2006    14673     0.00     0.00     0.00
05-Mar-2006    14674     0.00     0.00     0.00
06-Mar-2006    14675     0.00     0.00     0.00
07-Mar-2006    14676     0.00     0.00     0.00
08-Mar-2006    14677     0.00     0.00     0.00
09-Mar-2006    14678     0.00     0.00     0.00
10-Mar-2006    14679     0.00     0.00     0.00
11-Mar-2006    14680     0.00     0.00     0.00
12-Mar-2006    14681     0.00     0.00     0.00
13-Mar-2006    14682     0.00     0.00     0.00
14-Mar-2006    14683     0.00     0.00     0.00
15-Mar-2006    14684     0.00     0.00     0.00
16-Mar-2006    14685     0.00     0.00     0.00
17-Mar-2006    14686     0.00     0.00     0.00
18-Mar-2006    14687     0.00     0.00     0.00
19-Mar-2006    14688     0.00     0.00     0.00
20-Mar-2006    14689     0.00     0.32     0.32
21-Mar-2006    14690     0.00     2.27     2.27
22-Mar-2006    14691     0.00     0.00     0.00
23-Mar-2006    14692     0.00     0.12     0.12
24-Mar-2006    14693     0.00     0.00     0.00
25-Mar-2006    14694     0.00     0.00     0.00
26-Mar-2006    14695     0.00     0.00     0.00
27-Mar-2006    14696     0.00     0.00     0.00
28-Mar-2006    14697     0.00     0.00     0.00
29-Mar-2006    14698     0.00     0.00     0.00
30-Mar-2006    14699     0.00     0.78     0.78
31-Mar-2006    14700     0.00     0.00     0.00
01-Apr-2006    14701     0.00     0.00     0.00
02-Apr-2006    14702     0.00     0.00     0.00
03-Apr-2006    14703     0.00     0.00     0.00
04-Apr-2006    14704     0.00     0.00     0.00
05-Apr-2006    14705     0.00     0.00     0.00
06-Apr-2006    14706     0.00     1.98     1.98
07-Apr-2006    14707     0.00     0.00     0.00
08-Apr-2006    14708     0.00     0.00     0.00
09-Apr-2006    14709     0.00     0.00     0.00
10-Apr-2006    14710     0.00     0.00     0.00
11-Apr-2006    14711     0.00     1.98     1.98
12-Apr-2006    14712     0.00     0.00     0.00
13-Apr-2006    14713     0.00     0.00     0.00
14-Apr-2006    14714     0.00     0.00     0.00
15-Apr-2006    14715     0.00     0.00     0.00
16-Apr-2006    14716     0.00     0.00     0.00
17-Apr-2006    14717     0.00     0.00     0.00
18-Apr-2006    14718     0.00     0.00     0.00
19-Apr-2006    14719     0.00     0.00     0.00
20-Apr-2006    14720     0.00     0.00     0.00
21-Apr-2006    14721     0.00     0.00     0.00
22-Apr-2006    14722     0.00     0.00     0.00
23-Apr-2006    14723     0.00     0.00     0.00
24-Apr-2006    14724     0.00     0.45     0.45
25-Apr-2006    14725     0.00     1.51     1.51
26-Apr-2006    14726     0.00     3.32     3.32
27-Apr-2006    14727     0.00     5.32     5.32
28-Apr-2006    14728     0.00     0.44     0.44
29-Apr-2006    14729     0.00     0.13     0.13
30-Apr-2006    14730     0.14     0.52     0.66
01-May-2006    14731     0.00     0.73     0.73
02-May-2006    14732     0.00     0.00     0.00
03-May-2006    14733     0.00     0.00     0.00
04-May-2006    14734     0.00     0.00     0.00
05-May-2006    14735     0.00     0.00     0.00
06-May-2006    14736     0.00     0.00     0.00
07-May-2006    14737     0.00     0.00     0.00
08-May-2006    14738     0.00     0.00     0.00
09-May-2006    14739     0.00     0.00     0.00
10-May-2006    14740     0.00     0.00     0.00
11-May-2006    14741     0.00     0.21     0.21
12-May-2006    14742     0.00     0.00     0.00
13-May-2006    14743     0.00     0.00     0.00
14-May-2006    14744     0.00     0.00     0.00
15-May-2006    14745     0.00     0.00     0.00
16-May-2006    14746     0.00     0.00     0.00
17-May-2006    14747     0.00     0.00     0.00
18-May-2006    14748     0.00     0.00     0.00
19-May-2006    14749     0.00     0.00     0.00
20-May-2006    14750     0.00     0.00     0.00
21-May-2006    14751     0.00     0.00     0.00
22-May-2006    14752     0.00     0.00     0.00
23-May-2006    14753     0.00     0.00     0.00
24-May-2006    14754     0.00     0.00     0.00
25-May-2006    14755     0.00     0.00     0.00
26-May-2006    14756     0.00     0.00     0.00
27-May-2006    14757     0.00     0.00     0.00
28-May-2006    14758     0.00     0.00     0.00
29-May-2006    14759     0.00     0.00     0.00
30-May-2006    14760     0.00     0.00     0.00
31-May-2006    14761     0.00     0.00     0.00
01-Jun-2006    14762     0.00     0.00     0.00
02-Jun-2006    14763     0.00     0.00     0.00
03-Jun-2006    14764     0.00     0.00     0.00
04-Jun-2006    14765     0.00     0.00     0.00
05-Jun-2006    14766     0.00     0.00     0.00
06-Jun-2006    14767     0.00     0.00     0.00
07-Jun-2006    14768     0.00     0.07     0.07
08-Jun-2006    14769     0.00     0.00     0.00
09-Jun-2006    14770     0.00     0.00     0.00
10-Jun-2006    14771     0.00     0.00     0.00
11-Jun-2006    14772     0.00     0.00     0.00
12-Jun-2006    14773     0.00     0.00     0.00
13-Jun-2006    14774     0.00     0.00     0.00
14-Jun-2006    14775     0.00     0.00     0.00
15-Jun-2006    14776     0.15     0.00     0.15
16-Jun-2006    14777     0.00     0.00     0.00
17-Jun-2006    14778     0.00     0.00     0.00
18-Jun-2006    14779     0.00     0.00     0.00
19-Jun-2006    14780     0.00     0.00     0.00
20-Jun-2006    14781     0.00     0.00     0.00
21-Jun-2006    14782     0.00     0.00     0.00
22-Jun-2006    14783     0.00     0.00     0.00
23-Jun-2006    14784     0.00     0.00     0.00
24-Jun-2006    14785     0.00     0.00     0.00
25-Jun-2006    14786     0.00     0.00     0.00
26-Jun-2006    14787     0.00     0.00     0.00
27-Jun-2006    14788     0.00     0.00     0.00
28-Jun-2006    14789     0.00     0.00     0.00
29-Jun-2006    14790     0.00     0.00     0.00
30-Jun-2006    14791     0.00     0.00     0.00
01-Jul-2006    14792     0.00     0.00     0.00
02-Jul-2006    14793     0.00     0.00     0.00
03-Jul-2006    14794     0.00     0.00     0.00
04-Jul-2006    14795     0.00     0.00     0.00
05-Jul-2006    14796     0.00     0.00     0.00
06-Jul-2006    14797     0.00     8.82     8.82
07-Jul-2006    14798     0.00     0.00     0.00
08-Jul-2006    14799     0.00     0.00     0.00
09-Jul-2006    14800     0.00     0.00     0.00
10-Jul-2006    14801     0.00     0.00     0.00
11-Jul-2006    14802     0.00     0.00     0.00
12-Jul-2006    14803     0.00     0.00     0.00
13-Jul-2006    14804     0.00     0.00     0.00
14-Jul-2006    14805     0.00     0.00     0.00
15-Jul-2006    14806     0.00     0.00     0.00
16-Jul-2006    14807     0.00     0.00     0.00
17-Jul-2006    14808     0.00     0.00     0.00
18-Jul-2006    14809     0.00     0.00     0.00
19-Jul-2006    14810     0.00     0.00     0.00
20-Jul-2006    14811     0.00     0.00     0.00
21-Jul-2006    14812     0.00     0.00     0.00
22-Jul-2006    14813     0.00     0.00     0.00
23-Jul-2006    14814     0.00     0.00     0.00
24-Jul-2006    14815     0.00     0.00     0.00
25-Jul-2006    14816     0.00     0.00     0.00
26-Jul-2006    14817     0.00     0.00     0.00
27-Jul-2006    14818     0.00     0.00     0.00
28-Jul-2006    14819     0.00     0.00     0.00
29-Jul-2006    14820     0.00     0.00     0.00
30-Jul-2006    14821     0.00     0.00     0.00
31-Jul-2006    14822     0.00     0.00     0.00
01-Aug-2006    14823     0.00     0.00     0.00
02-Aug-2006    14824     0.00     0.00     0.00
03-Aug-2006    14825     0.00     0.00     0.00
04-Aug-2006    14826     0.00     0.00     0.00
05-Aug-2006    14827     0.00     0.00     0.00
06-Aug-2006    14828     0.00     0.00     0.00
07-Aug-2006    14829     0.00     0.00     0.00
08-Aug-2006    14830     0.00     0.00     0.00
09-Aug-2006    14831     0.00     0.00     0.00
10-Aug-2006    14832     0.00     2.00     2.00
11-Aug-2006    14833     0.00     0.17     0.17
12-Aug-2006    14834     0.00     0.00     0.00
13-Aug-2006    14835     0.52     0.00     0.52
14-Aug-2006    14836     0.00     0.00     0.00
15-Aug-2006    14837     0.00     0.00     0.00
16-Aug-2006    14838     0.00     0.08     0.08
17-Aug-2006    14839     0.00     0.00     0.00
18-Aug-2006    14840     0.00     0.00     0.00
19-Aug-2006    14841     0.00     0.00     0.00
20-Aug-2006    14842     0.00     0.11     0.11
21-Aug-2006    14843     0.00     0.00     0.00
22-Aug-2006    14844     0.00     0.00     0.00
23-Aug-2006    14845     0.00     0.18     0.18
24-Aug-2006    14846     0.00     0.00     0.00
25-Aug-2006    14847     0.00     0.40     0.40
26-Aug-2006    14848     0.00     0.57     0.57
27-Aug-2006    14849     0.00     0.36     0.36
28-Aug-2006    14850     0.00     0.00     0.00
29-Aug-2006    14851     0.00     0.00     0.00
30-Aug-2006    14852     0.00     0.00     0.00
31-Aug-2006    14853     0.00     0.00     0.00
01-Sep-2006    14854     0.00     0.69     0.69
02-Sep-2006    14855     0.00     0.00     0.00
03-Sep-2006    14856     0.00     0.00     0.00
04-Sep-2006    14857     0.00     0.00     0.00
05-Sep-2006    14858     0.00     0.00     0.00
06-Sep-2006    14859     0.00     0.00     0.00
07-Sep-2006    14860     0.00     0.00     0.00
08-Sep-2006    14861     0.00     0.00     0.00
09-Sep-2006    14862     0.00     0.00     0.00
10-Sep-2006    14863     0.00     0.00     0.00
11-Sep-2006    14864     0.00     0.34     0.34
12-Sep-2006    14865     0.00     0.00     0.00
13-Sep-2006    14866     0.00     0.00     0.00
14-Sep-2006    14867     0.00     0.08     0.08
15-Sep-2006    14868     0.00     0.00     0.00
16-Sep-2006    14869     0.00     0.00     0.00
17-Sep-2006    14870     0.00     0.00     0.00
18-Sep-2006    14871     0.00     0.00     0.00
19-Sep-2006    14872     0.00     0.00     0.00
20-Sep-2006    14873     0.00     0.00     0.00
21-Sep-2006    14874     0.00     1.70     1.70
22-Sep-2006    14875     0.00     1.11     1.11
23-Sep-2006    14876     0.00     0.17     0.17
24-Sep-2006    14877     0.00     0.15     0.15
25-Sep-2006    14878     0.00     0.49     0.49
26-Sep-2006    14879     0.00     0.00     0.00
27-Sep-2006    14880     0.00     0.00     0.00
28-Sep-2006    14881     0.00     0.00     0.00
29-Sep-2006    14882     0.00     0.00     0.00
30-Sep-2006    14883     0.00     1.10     1.10
01-Oct-2006    14884     0.00     0.00     0.00
02-Oct-2006    14885     0.00     0.00     0.00
03-Oct-2006    14886     0.00     0.00     0.00
04-Oct-2006    14887     0.00     0.00     0.00
05-Oct-2006    14888     0.00     0.58     0.58
06-Oct-2006    14889     0.00     0.00     0.00
07-Oct-2006    14890     0.00     0.00     0.00
08-Oct-2006    14891     0.00     0.00     0.00
09-Oct-2006    14892     0.00     0.00     0.00
10-Oct-2006    14893     0.00     0.00     0.00
11-Oct-2006    14894     0.00     0.00     0.00
12-Oct-2006    14895     0.00     0.00     0.00
13-Oct-2006    14896     0.00     0.00     0.00
14-Oct-2006    14897     0.00     0.00     0.00
15-Oct-2006    14898     0.00     0.00     0.00
16-Oct-2006    14899     0.00     0.00     0.00
17-Oct-2006    14900     0.00     0.00     0.00
18-Oct-2006    14901     0.00     0.00     0.00
19-Oct-2006    14902     0.00     0.00     0.00
20-Oct-2006    14903     0.00     0.51     0.51
21-Oct-2006    14904     0.00     0.00     0.00
22-Oct-2006    14905     0.00     0.00     0.00
23-Oct-2006    14906     0.00     0.00     0.00
24-Oct-2006    14907     0.00     0.00     0.00
25-Oct-2006    14908     0.00     0.00     0.00
26-Oct-2006    14909     0.00     0.00     0.00
27-Oct-2006    14910     0.00     0.00     0.00
28-Oct-2006    14911     0.00     0.00     0.00
29-Oct-2006    14912     0.00     0.00     0.00
30-Oct-2006    14913     0.00     0.43     0.43
31-Oct-2006    14914     0.00     0.00     0.00
01-Nov-2006    14915     0.00     0.00     0.00
02-Nov-2006    14916     0.00     0.00     0.00
03-Nov-2006    14917     0.00     0.00     0.00
04-Nov-2006    14918     0.00     0.00     0.00
05-Nov-2006    14919     0.00     0.43     0.43
06-Nov-2006    14920     0.00     0.00     0.00
07-Nov-2006    14921     0.00     0.00     0.00
08-Nov-2006    14922     0.00     0.00     0.00
09-Nov-2006    14923     0.00     0.00     0.00
10-Nov-2006    14924     0.00     0.00     0.00
11-Nov-2006    14925     0.00     0.36     0.36
12-Nov-2006    14926     0.00     0.00     0.00
13-Nov-2006    14927     0.00     0.00     0.00
14-Nov-2006    14928     0.00     0.00     0.00
15-Nov-2006    14929     0.00     1.16     1.16
16-Nov-2006    14930     0.00     0.00     0.00
17-Nov-2006    14931     0.00     0.53     0.53
18-Nov-2006    14932     0.00     0.44     0.44
19-Nov-2006    14933     0.00     0.08     0.08
20-Nov-2006    14934     0.00     0.00     0.00
21-Nov-2006    14935     0.00     0.00     0.00
22-Nov-2006    14936     0.00     0.00     0.00
23-Nov-2006    14937     0.00     0.00     0.00
24-Nov-2006    14938     0.00     0.00     0.00
25-Nov-2006    14939     0.00     0.00     0.00
26-Nov-2006    14940     0.00     0.00     0.00
27-Nov-2006    14941     0.90     0.00     0.90
28-Nov-2006    14942     0.00     0.00     0.00
29-Nov-2006    14943     0.00     0.00     0.00
30-Nov-2006    14944     0.00     0.00     0.00
01-Dec-2006    14945     0.00     0.17     0.17
02-Dec-2006    14946     0.76     1.86     2.63
03-Dec-2006    14947     0.00     0.56     0.56
04-Dec-2006    14948     0.00     0.11     0.11
05-Dec-2006    14949     0.00    15.25    15.25
06-Dec-2006    14950     0.00    42.10    42.10
07-Dec-2006    14951     0.00    10.71    10.71
08-Dec-2006    14952     0.00     0.00     0.00
09-Dec-2006    14953     0.00     0.29     0.29
10-Dec-2006    14954     0.00     0.75     0.75
11-Dec-2006    14955     0.00     3.97     3.97
12-Dec-2006    14956     0.00     3.17     3.17
13-Dec-2006    14957     0.00    47.55    47.55
14-Dec-2006    14958     0.00    18.79    18.79
15-Dec-2006    14959     0.00     2.06     2.06
16-Dec-2006    14960     0.00     2.00     2.00
17-Dec-2006    14961     0.00     0.00     0.00
18-Dec-2006    14962     0.00     0.00     0.00
19-Dec-2006    14963     0.00     0.00     0.00
20-Dec-2006    14964     0.00     0.00     0.00
21-Dec-2006    14965     0.00     0.00     0.00
22-Dec-2006    14966     0.00     0.00     0.00
23-Dec-2006    14967     0.00     0.00     0.00
24-Dec-2006    14968     0.00     0.00     0.00
25-Dec-2006    14969     0.00     0.15     0.15
26-Dec-2006    14970     0.00     0.00     0.00
27-Dec-2006    14971     0.00     0.00     0.00
28-Dec-2006    14972     0.00     0.00     0.00
29-Dec-2006    14973     0.00     0.00     0.00
30-Dec-2006    14974     0.00     0.00     0.00
31-Dec-2006    14975     0.00     1.36     1.36