
            DAILY SOLAR FLARE INDEX
           01 JAN 1970 - 31 DEC 1970
________________________________________________

  TIME (DAY)            NORTH    SOUTH    TOTAL
================================================
  01-Jan-70     1462     2.30     5.49     7.79
  02-Jan-70     1463    16.09     0.00    16.09
  03-Jan-70     1464     1.58     0.17     1.75
  04-Jan-70     1465     1.28     2.34     3.62
  05-Jan-70     1466     9.96     2.39    12.35
  06-Jan-70     1467     0.00     2.29     2.29
  07-Jan-70     1468     0.00     0.00     0.00
  08-Jan-70     1469     2.46     0.00     2.46
  09-Jan-70     1470     0.00     0.00     0.00
  10-Jan-70     1471     0.00     0.98     0.98
  11-Jan-70     1472     0.00     4.87     4.87
  12-Jan-70     1473     0.00     4.21     4.21
  13-Jan-70     1474     0.00     5.90     5.90
  14-Jan-70     1475     0.00     4.00     4.00
  15-Jan-70     1476     1.78     6.00     7.78
  16-Jan-70     1477     0.33     2.04     2.38
  17-Jan-70     1478     2.92     3.22     6.14
  18-Jan-70     1479     4.25     3.46     7.71
  19-Jan-70     1480     0.25     0.00     0.25
  20-Jan-70     1481     0.00     2.33     2.33
  21-Jan-70     1482     2.04     0.21     2.25
  22-Jan-70     1483     0.51     0.42     0.93
  23-Jan-70     1484     0.00     0.00     0.00
  24-Jan-70     1485     0.00     0.98     0.98
  25-Jan-70     1486     0.00     2.31     2.31
  26-Jan-70     1487     0.00     7.93     7.93
  27-Jan-70     1488     0.00     4.62     4.62
  28-Jan-70     1489     0.00    18.82    18.82
  29-Jan-70     1490     0.00    12.75    12.75
  30-Jan-70     1491     0.00    13.58    13.58
  31-Jan-70     1492     0.00     9.21     9.21
  01-Feb-70     1493     0.00     2.71     2.71
  02-Feb-70     1494     1.63     8.25     9.88
  03-Feb-70     1495     0.00     2.17     2.17
  04-Feb-70     1496     3.79     0.60     4.40
  05-Feb-70     1497     0.30     0.00     0.30
  06-Feb-70     1498     0.00     7.16     7.16
  07-Feb-70     1499     0.00     0.67     0.67
  08-Feb-70     1500     3.04     3.04     6.08
  09-Feb-70     1501     3.46     1.67     5.13
  10-Feb-70     1502     5.88     1.50     7.38
  11-Feb-70     1503    32.00     0.00    32.00
  12-Feb-70     1504    16.47     2.99    19.46
  13-Feb-70     1505     6.04     0.38     6.42
  14-Feb-70     1506     4.29     4.96     9.25
  15-Feb-70     1507     1.14     3.50     4.64
  16-Feb-70     1508     1.88    12.25    14.13
  17-Feb-70     1509     0.13     6.75     6.88
  18-Feb-70     1510     0.75     8.13     8.88
  19-Feb-70     1511     0.00     9.54     9.54
  20-Feb-70     1512     0.00    10.75    10.75
  21-Feb-70     1513     1.89     7.17     9.06
  22-Feb-70     1514     0.84     3.82     4.66
  23-Feb-70     1515     2.92     0.67     3.58
  24-Feb-70     1516     1.50     1.58     3.08
  25-Feb-70     1517     2.06     1.89     3.95
  26-Feb-70     1518     1.38     1.79     3.17
  27-Feb-70     1519     5.58     3.79     9.38
  28-Feb-70     1520     7.29     3.54    10.83
  01-Mar-70     1521    38.38     3.92    42.30
  02-Mar-70     1522    13.96     1.21    15.17
  03-Mar-70     1523    16.54     1.63    18.17
  04-Mar-70     1524    10.34     0.00    10.34
  05-Mar-70     1525     3.12     7.44    10.56
  06-Mar-70     1526     0.25     4.25     4.50
  07-Mar-70     1527     2.52    20.04    22.56
  08-Mar-70     1528     0.36     4.84     5.20
  09-Mar-70     1529     0.00     4.67     4.67
  10-Mar-70     1530     0.00     5.50     5.50
  11-Mar-70     1531     3.50     4.92     8.42
  12-Mar-70     1532     7.25     5.33    12.58
  13-Mar-70     1533     0.00     1.94     1.94
  14-Mar-70     1534     0.00     2.65     2.65
  15-Mar-70     1535     0.00     0.00     0.00
  16-Mar-70     1536     0.00     1.21     1.21
  17-Mar-70     1537     0.58     2.17     2.75
  18-Mar-70     1538     1.51     4.62     6.13
  19-Mar-70     1539     2.61     0.00     2.61
  20-Mar-70     1540     1.54     0.00     1.54
  21-Mar-70     1541    16.83     1.38    18.21
  22-Mar-70     1542     8.04     0.83     8.88
  23-Mar-70     1543     8.58     0.00     8.58
  24-Mar-70     1544     9.08     0.00     9.08
  25-Mar-70     1545    20.38     1.00    21.38
  26-Mar-70     1546    17.46     0.33    17.79
  27-Mar-70     1547     6.75     0.00     6.75
  28-Mar-70     1548     0.88     0.75     1.63
  29-Mar-70     1549    13.25     0.25    13.50
  30-Mar-70     1550     3.92     0.67     4.58
  31-Mar-70     1551     0.00     8.50     8.50
  01-Apr-70     1552     3.04     0.50     3.54
  02-Apr-70     1553     4.13     0.00     4.13
  03-Apr-70     1554     1.08     0.08     1.17
  04-Apr-70     1555     0.00     1.71     1.71
  05-Apr-70     1556     4.88     2.67     7.54
  06-Apr-70     1557     1.83    15.96    17.79
  07-Apr-70     1558     6.71     9.58    16.29
  08-Apr-70     1559     5.25     0.33     5.58
  09-Apr-70     1560     6.38     1.38     7.75
  10-Apr-70     1561     4.50     7.92    12.42
  11-Apr-70     1562     2.92     1.67     4.58
  12-Apr-70     1563     4.58     9.29    13.88
  13-Apr-70     1564     0.67     0.58     1.25
  14-Apr-70     1565     0.83     0.00     0.83
  15-Apr-70     1566     8.00     0.58     8.58
  16-Apr-70     1567     3.58     0.33     3.92
  17-Apr-70     1568     2.42     0.42     2.83
  18-Apr-70     1569     6.17     0.00     6.17
  19-Apr-70     1570     0.17     0.00     0.17
  20-Apr-70     1571     0.00     0.00     0.00
  21-Apr-70     1572     0.42     3.36     3.78
  22-Apr-70     1573     1.08     0.00     1.08
  23-Apr-70     1574     0.25     0.46     0.71
  24-Apr-70     1575     4.00     0.00     4.00
  25-Apr-70     1576     2.54     1.92     4.46
  26-Apr-70     1577     0.00     2.50     2.50
  27-Apr-70     1578     0.00     1.58     1.58
  28-Apr-70     1579     1.63     3.21     4.83
  29-Apr-70     1580     1.50     8.38     9.88
  30-Apr-70     1581     3.24     0.00     3.24
  01-May-70     1582     0.67     4.00     4.67
  02-May-70     1583     0.58     0.33     0.92
  03-May-70     1584     1.50     0.00     1.50
  04-May-70     1585    14.54     0.00    14.54
  05-May-70     1586     4.12     0.00     4.12
  06-May-70     1587     2.75     0.00     2.75
  07-May-70     1588     2.52     1.68     4.20
  08-May-70     1589     9.67     3.08    12.75
  09-May-70     1590     5.29     0.00     5.29
  10-May-70     1591     0.00     1.61     1.61
  11-May-70     1592     4.87     0.00     4.87
  12-May-70     1593     5.15     0.39     5.55
  13-May-70     1594     2.31     4.10     6.41
  14-May-70     1595     0.00     4.51     4.51
  15-May-70     1596     0.00    20.25    20.25
  16-May-70     1597     0.00    12.04    12.04
  17-May-70     1598     5.21     0.46     5.67
  18-May-70     1599     0.25     2.42     2.67
  19-May-70     1600     2.42     2.42     4.83
  20-May-70     1601     0.00     0.00     0.00
  21-May-70     1602     6.00     0.00     6.00
  22-May-70     1603     7.31     2.23     9.54
  23-May-70     1604     5.81     0.00     5.81
  24-May-70     1605     0.59     2.39     2.98
  25-May-70     1606     0.63     2.13     2.75
  26-May-70     1607     1.76     8.07     9.83
  27-May-70     1608     0.52     1.83     2.36
  28-May-70     1609     0.63     0.25     0.88
  29-May-70     1610     0.00     9.03     9.03
  30-May-70     1611     0.00    21.42    21.42
  31-May-70     1612     4.83     3.79     8.63
  01-Jun-70     1613     0.92     6.75     7.67
  02-Jun-70     1614     1.33     5.58     6.92
  03-Jun-70     1615     0.25     0.00     0.25
  04-Jun-70     1616     0.00     0.00     0.00
  05-Jun-70     1617     0.00     0.00     0.00
  06-Jun-70     1618     0.83     0.00     0.83
  07-Jun-70     1619     2.67     0.00     2.67
  08-Jun-70     1620     2.58     0.00     2.58
  09-Jun-70     1621     2.21     0.00     2.21
  10-Jun-70     1622     4.62     0.00     4.62
  11-Jun-70     1623     5.25     0.79     6.04
  12-Jun-70     1624    12.13     3.79    15.92
  13-Jun-70     1625    15.17     0.83    16.00
  14-Jun-70     1626    45.71     1.58    47.29
  15-Jun-70     1627    17.25     0.00    17.25
  16-Jun-70     1628     8.99     0.00     8.99
  17-Jun-70     1629     9.46     2.04    11.50
  18-Jun-70     1630     4.25     0.33     4.58
  19-Jun-70     1631     6.71     0.00     6.71
  20-Jun-70     1632     2.00     0.00     2.00
  21-Jun-70     1633     0.78     4.01     4.78
  22-Jun-70     1634     1.46     0.00     1.46
  23-Jun-70     1635     0.63     0.00     0.63
  24-Jun-70     1636     2.46     1.21     3.67
  25-Jun-70     1637     8.63    12.00    20.63
  26-Jun-70     1638     5.71     1.71     7.42
  27-Jun-70     1639     5.63     2.42     8.04
  28-Jun-70     1640    10.97     0.34    11.30
  29-Jun-70     1641     6.93     1.01     7.94
  30-Jun-70     1642     4.92     2.25     7.17
  01-Jul-70     1643     6.47     3.19     9.66
  02-Jul-70     1644    11.75     8.54    20.29
  03-Jul-70     1645     2.54     3.46     6.00
  04-Jul-70     1646     1.42     4.25     5.67
  05-Jul-70     1647     4.87     2.63     7.50
  06-Jul-70     1648     4.83     3.58     8.42
  07-Jul-70     1649     0.58     0.58     1.17
  08-Jul-70     1650     3.81     1.65     5.45
  09-Jul-70     1651     2.69     3.50     6.20
  10-Jul-70     1652     1.65     2.33     3.98
  11-Jul-70     1653     0.00     8.08     8.08
  12-Jul-70     1654     2.48     0.00     2.48
  13-Jul-70     1655     0.54     0.75     1.29
  14-Jul-70     1656     1.39     0.00     1.39
  15-Jul-70     1657     1.21     0.00     1.21
  16-Jul-70     1658     0.33     0.00     0.33
  17-Jul-70     1659     2.52     0.00     2.52
  18-Jul-70     1660     7.39     0.54     7.93
  19-Jul-70     1661     8.17     0.00     8.17
  20-Jul-70     1662    11.42     0.00    11.42
  21-Jul-70     1663     8.46     1.54    10.00
  22-Jul-70     1664    10.08     0.00    10.08
  23-Jul-70     1665    13.21     0.00    13.21
  24-Jul-70     1666     0.63     0.00     0.63
  25-Jul-70     1667     3.33     1.33     4.67
  26-Jul-70     1668     7.99     2.28    10.27
  27-Jul-70     1669     7.75     3.08    10.83
  28-Jul-70     1670     9.00     2.08    11.08
  29-Jul-70     1671     7.94     1.39     9.33
  30-Jul-70     1672     5.02     5.29    10.31
  31-Jul-70     1673     1.08     1.25     2.33
  01-Aug-70     1674    10.92     0.50    11.42
  02-Aug-70     1675     0.58     0.00     0.58
  03-Aug-70     1676     3.42     0.00     3.42
  04-Aug-70     1677     0.00     0.00     0.00
  05-Aug-70     1678     0.58     1.96     2.54
  06-Aug-70     1679     0.00     0.00     0.00
  07-Aug-70     1680     1.46     0.88     2.33
  08-Aug-70     1681     0.42     0.00     0.42
  09-Aug-70     1682     0.00     1.08     1.08
  10-Aug-70     1683     2.71     0.00     2.71
  11-Aug-70     1684     0.83     0.00     0.83
  12-Aug-70     1685     7.75     0.00     7.75
  13-Aug-70     1686    15.08     0.00    15.08
  14-Aug-70     1687    14.67     0.00    14.67
  15-Aug-70     1688     6.88     0.00     6.88
  16-Aug-70     1689     4.42     0.46     4.88
  17-Aug-70     1690     0.75     0.00     0.75
  18-Aug-70     1691     2.83     0.00     2.83
  19-Aug-70     1692     1.50     0.00     1.50
  20-Aug-70     1693     3.50     0.00     3.50
  21-Aug-70     1694     0.08     0.00     0.08
  22-Aug-70     1695     1.54     0.00     1.54
  23-Aug-70     1696     1.50     0.00     1.50
  24-Aug-70     1697     0.00     0.25     0.25
  25-Aug-70     1698     0.33     0.00     0.33
  26-Aug-70     1699     0.75     1.00     1.75
  27-Aug-70     1700     0.87     0.00     0.87
  28-Aug-70     1701     3.87     0.00     3.87
  29-Aug-70     1702     1.33     0.00     1.33
  30-Aug-70     1703     1.00     0.42     1.42
  31-Aug-70     1704     1.38     0.00     1.38
  01-Sep-70     1705     0.92     0.00     0.92
  02-Sep-70     1706     5.33     0.17     5.50
  03-Sep-70     1707     0.96     0.00     0.96
  04-Sep-70     1708     8.67     0.00     8.67
  05-Sep-70     1709     5.88     0.17     6.04
  06-Sep-70     1710     1.25     0.00     1.25
  07-Sep-70     1711     1.38     2.83     4.21
  08-Sep-70     1712     7.17     0.88     8.04
  09-Sep-70     1713     2.58     0.88     3.46
  10-Sep-70     1714     1.92     0.00     1.92
  11-Sep-70     1715     2.04     0.00     2.04
  12-Sep-70     1716     0.00     0.00     0.00
  13-Sep-70     1717     0.00     0.37     0.37
  14-Sep-70     1718     0.27     2.81     3.08
  15-Sep-70     1719     3.29     1.00     4.29
  16-Sep-70     1720     1.58     0.33     1.92
  17-Sep-70     1721     1.31     0.00     1.31
  18-Sep-70     1722     0.75     0.00     0.75
  19-Sep-70     1723     0.58     1.17     1.75
  20-Sep-70     1724     0.00     0.00     0.00
  21-Sep-70     1725     1.92     0.00     1.92
  22-Sep-70     1726     4.58     0.55     5.12
  23-Sep-70     1727     1.43     0.00     1.43
  24-Sep-70     1728     3.18     0.00     3.18
  25-Sep-70     1729     1.10     0.00     1.10
  26-Sep-70     1730     5.92     1.00     6.92
  27-Sep-70     1731     7.00     0.00     7.00
  28-Sep-70     1732     1.00     5.08     6.08
  29-Sep-70     1733     1.50     0.00     1.50
  30-Sep-70     1734     0.54     0.79     1.33
  01-Oct-70     1735     0.00     0.00     0.00
  02-Oct-70     1736     0.63     0.00     0.63
  03-Oct-70     1737     4.91     0.27     5.18
  04-Oct-70     1738     4.13     0.58     4.71
  05-Oct-70     1739     0.85     1.61     2.46
  06-Oct-70     1740     1.57    13.66    15.23
  07-Oct-70     1741     3.92     1.08     5.00
  08-Oct-70     1742     1.67     1.50     3.17
  09-Oct-70     1743     0.46     1.42     1.88
  10-Oct-70     1744     0.00     0.83     0.83
  11-Oct-70     1745     1.33     1.60     2.93
  12-Oct-70     1746     0.00     0.00     0.00
  13-Oct-70     1747     0.13     5.25     5.38
  14-Oct-70     1748     5.75     0.00     5.75
  15-Oct-70     1749     2.33     2.83     5.17
  16-Oct-70     1750     0.92     1.50     2.42
  17-Oct-70     1751     0.92     0.00     0.92
  18-Oct-70     1752     2.45     0.00     2.45
  19-Oct-70     1753     0.54     0.75     1.29
  20-Oct-70     1754     0.75     0.00     0.75
  21-Oct-70     1755     1.05     0.00     1.05
  22-Oct-70     1756     4.25     0.00     4.25
  23-Oct-70     1757     7.41     0.00     7.41
  24-Oct-70     1758    15.29     0.00    15.29
  25-Oct-70     1759     5.58     0.00     5.58
  26-Oct-70     1760     8.92     1.96    10.88
  27-Oct-70     1761     5.50     0.00     5.50
  28-Oct-70     1762    10.42     0.00    10.42
  29-Oct-70     1763     1.42     1.24     2.66
  30-Oct-70     1764     6.48     0.96     7.43
  31-Oct-70     1765     2.67     2.83     5.50
  01-Nov-70     1766     3.79     1.00     4.79
  02-Nov-70     1767     3.04     6.00     9.04
  03-Nov-70     1768     1.00     2.67     3.67
  04-Nov-70     1769     9.79     0.00     9.79
  05-Nov-70     1770     0.00    43.08    43.08
  06-Nov-70     1771     0.26     1.18     1.45
  07-Nov-70     1772     0.50     0.00     0.50
  08-Nov-70     1773     0.00     0.92     0.92
  09-Nov-70     1774     2.58     0.00     2.58
  10-Nov-70     1775     3.96     0.00     3.96
  11-Nov-70     1776     1.08     0.00     1.08
  12-Nov-70     1777    10.00     0.00    10.00
  13-Nov-70     1778     4.72     4.85     9.57
  14-Nov-70     1779    14.37     0.65    15.02
  15-Nov-70     1780    21.21     0.00    21.21
  16-Nov-70     1781    34.63     2.13    36.75
  17-Nov-70     1782     4.25    23.38    27.63
  18-Nov-70     1783    19.63     1.33    20.96
  19-Nov-70     1784     4.17     0.00     4.17
  20-Nov-70     1785     5.92     0.00     5.92
  21-Nov-70     1786     8.57     0.00     8.57
  22-Nov-70     1787     3.08     0.00     3.08
  23-Nov-70     1788     5.17     0.00     5.17
  24-Nov-70     1789     1.25     0.00     1.25
  25-Nov-70     1790     0.00     0.48     0.48
  26-Nov-70     1791     0.00     0.00     0.00
  27-Nov-70     1792     1.12     0.00     1.12
  28-Nov-70     1793     2.74     0.49     3.23
  29-Nov-70     1794     1.30     0.00     1.30
  30-Nov-70     1795     2.44     0.51     2.95
  01-Dec-70     1796     0.50     0.84     1.34
  02-Dec-70     1797     0.00     7.42     7.42
  03-Dec-70     1798     0.00     3.25     3.25
  04-Dec-70     1799     2.08     0.95     3.03
  05-Dec-70     1800     4.58     0.38     4.96
  06-Dec-70     1801     3.42     0.00     3.42
  07-Dec-70     1802     0.17     1.08     1.25
  08-Dec-70     1803     6.16     0.00     6.16
  09-Dec-70     1804     9.17     0.00     9.17
  10-Dec-70     1805     8.21     0.50     8.71
  11-Dec-70     1806    14.29     0.00    14.29
  12-Dec-70     1807     7.06     0.00     7.06
  13-Dec-70     1808     3.74     0.67     4.41
  14-Dec-70     1809     5.45     0.32     5.77
  15-Dec-70     1810     0.00     1.06     1.06
  16-Dec-70     1811     1.11     0.21     1.32
  17-Dec-70     1812     0.50     0.00     0.50
  18-Dec-70     1813     1.71     0.48     2.19
  19-Dec-70     1814     1.65     1.53     3.18
  20-Dec-70     1815     0.35     1.84     2.19
  21-Dec-70     1816     0.00     0.61     0.61
  22-Dec-70     1817     8.03     0.00     8.03
  23-Dec-70     1818     2.32     0.00     2.32
  24-Dec-70     1819     0.82     0.00     0.82
  25-Dec-70     1820     3.22     0.00     3.22
  26-Dec-70     1821     0.71     0.00     0.71
  27-Dec-70     1822     1.04     0.00     1.04
  28-Dec-70     1823     0.00     0.00     0.00
  29-Dec-70     1824     0.00     0.25     0.25
  30-Dec-70     1825     2.46     1.29     3.75
  31-Dec-70     1826     0.00     0.00     0.00