
            DAILY SOLAR FLARE INDEX
           01 JAN 2007 - 31 DEC 2007
________________________________________________

 TIME (DAY)            NORTH    SOUTH    TOTAL
================================================
01-Jan-2007    14976     0.00     0.00     0.00
02-Jan-2007    14977     0.00     0.00     0.00
03-Jan-2007    14978     0.00     0.00     0.00
04-Jan-2007    14979     0.00     0.00     0.00
05-Jan-2007    14980     0.00     0.00     0.00
06-Jan-2007    14981     0.00     0.00     0.00
07-Jan-2007    14982     0.00     0.00     0.00
08-Jan-2007    14983     0.00     0.00     0.00
09-Jan-2007    14984     0.00     0.00     0.00
10-Jan-2007    14985     0.00     1.32     1.32
11-Jan-2007    14986     0.00     0.00     0.00
12-Jan-2007    14987     0.00     0.26     0.26
13-Jan-2007    14988     0.00     0.00     0.00
14-Jan-2007    14989     1.75     0.00     1.75
15-Jan-2007    14990     6.94     0.00     6.94
16-Jan-2007    14991     2.20     0.00     2.20
17-Jan-2007    14992     0.00     0.00     0.00
18-Jan-2007    14993     0.00     0.00     0.00
19-Jan-2007    14994     0.00     0.00     0.00
20-Jan-2007    14995     0.00     0.00     0.00
21-Jan-2007    14996     0.00     0.30     0.30
22-Jan-2007    14997     0.00     0.00     0.00
23-Jan-2007    14998     0.00     0.00     0.00
24-Jan-2007    14999     0.00     0.16     0.16
25-Jan-2007    15000     0.00     0.00     0.00
26-Jan-2007    15001     0.00     0.00     0.00
27-Jan-2007    15002     0.00     0.00     0.00
28-Jan-2007    15003     0.00     0.00     0.00
29-Jan-2007    15004     0.00     1.85     1.85
30-Jan-2007    15005     0.00     0.38     0.38
31-Jan-2007    15006     0.00     0.00     0.00
01-Feb-2007    15007     0.00     0.13     0.13
02-Feb-2007    15008     0.00     0.00     0.00
03-Feb-2007    15009     0.00     0.00     0.00
04-Feb-2007    15010     0.00     0.00     0.00
05-Feb-2007    15011     0.00     0.00     0.00
06-Feb-2007    15012     0.00     0.00     0.00
07-Feb-2007    15013     0.00     0.00     0.00
08-Feb-2007    15014     0.00     0.00     0.00
09-Feb-2007    15015     0.00     0.00     0.00
10-Feb-2007    15016     0.00     0.00     0.00
11-Feb-2007    15017     0.00     0.00     0.00
12-Feb-2007    15018     0.00     0.00     0.00
13-Feb-2007    15019     0.00     0.00     0.00
14-Feb-2007    15020     0.00     0.00     0.00
15-Feb-2007    15021     0.00     0.00     0.00
16-Feb-2007    15022     0.00     0.00     0.00
17-Feb-2007    15023     0.00     0.00     0.00
18-Feb-2007    15024     0.00     0.00     0.00
19-Feb-2007    15025     0.00     0.17     0.17
20-Feb-2007    15026     0.00     0.00     0.00
21-Feb-2007    15027     0.00     0.00     0.00
22-Feb-2007    15028     0.00     0.00     0.00
23-Feb-2007    15029     0.00     0.00     0.00
24-Feb-2007    15030     0.00     0.00     0.00
25-Feb-2007    15031     0.00     0.00     0.00
26-Feb-2007    15032     0.00     0.00     0.00
27-Feb-2007    15033     0.00     0.00     0.00
28-Feb-2007    15034     0.00     0.00     0.00
01-Mar-2007    15035     0.00     0.00     0.00
02-Mar-2007    15036     0.00     0.00     0.00
03-Mar-2007    15037     0.00     0.00     0.00
04-Mar-2007    15038     0.00     0.00     0.00
05-Mar-2007    15039     0.00     0.00     0.00
06-Mar-2007    15040     0.00     0.00     0.00
07-Mar-2007    15041     0.00     0.00     0.00
08-Mar-2007    15042     0.00     0.00     0.00
09-Mar-2007    15043     0.00     0.00     0.00
10-Mar-2007    15044     0.00     0.00     0.00
11-Mar-2007    15045     0.00     0.00     0.00
12-Mar-2007    15046     0.00     0.00     0.00
13-Mar-2007    15047     0.00     0.00     0.00
14-Mar-2007    15048     0.00     0.00     0.00
15-Mar-2007    15049     0.00     0.00     0.00
16-Mar-2007    15050     0.00     0.00     0.00
17-Mar-2007    15051     0.00     0.00     0.00
18-Mar-2007    15052     0.00     0.00     0.00
19-Mar-2007    15053     0.00     0.00     0.00
20-Mar-2007    15054     0.00     0.00     0.00
21-Mar-2007    15055     0.00     0.00     0.00
22-Mar-2007    15056     0.00     0.00     0.00
23-Mar-2007    15057     0.00     0.00     0.00
24-Mar-2007    15058     0.00     0.00     0.00
25-Mar-2007    15059     0.00     0.00     0.00
26-Mar-2007    15060     0.00     0.00     0.00
27-Mar-2007    15061     0.00     0.00     0.00
28-Mar-2007    15062     0.00     0.00     0.00
29-Mar-2007    15063     0.00     0.00     0.00
30-Mar-2007    15064     0.00     0.00     0.00
31-Mar-2007    15065     0.39     0.00     0.39
01-Apr-2007    15066     0.00     0.00     0.00
02-Apr-2007    15067     0.00     0.00     0.00
03-Apr-2007    15068     0.00     0.00     0.00
04-Apr-2007    15069     0.00     0.00     0.00
05-Apr-2007    15070     0.00     0.00     0.00
06-Apr-2007    15071     0.00     0.00     0.00
07-Apr-2007    15072     0.00     0.00     0.00
08-Apr-2007    15073     0.00     0.00     0.00
09-Apr-2007    15074     0.00     0.00     0.00
10-Apr-2007    15075     0.00     0.00     0.00
11-Apr-2007    15076     0.00     0.00     0.00
12-Apr-2007    15077     0.00     0.00     0.00
13-Apr-2007    15078     0.00     0.00     0.00
14-Apr-2007    15079     0.00     0.00     0.00
15-Apr-2007    15080     0.00     0.00     0.00
16-Apr-2007    15081     0.00     0.00     0.00
17-Apr-2007    15082     0.00     0.00     0.00
18-Apr-2007    15083     0.00     0.00     0.00
19-Apr-2007    15084     0.00     0.00     0.00
20-Apr-2007    15085     0.00     0.00     0.00
21-Apr-2007    15086     0.00     0.00     0.00
22-Apr-2007    15087     0.00     0.00     0.00
23-Apr-2007    15088     0.00     0.00     0.00
24-Apr-2007    15089     0.00     0.00     0.00
25-Apr-2007    15090     0.00     0.00     0.00
26-Apr-2007    15091     0.00     0.00     0.00
27-Apr-2007    15092     0.00     0.26     0.26
28-Apr-2007    15093     0.00     0.00     0.00
29-Apr-2007    15094     0.00     0.00     0.00
30-Apr-2007    15095     0.00     0.34     0.34
01-May-2007    15096     0.00     0.00     0.00
02-May-2007    15097     0.00     3.35     3.35
03-May-2007    15098     0.00     0.04     0.04
04-May-2007    15099     0.00     0.00     0.00
05-May-2007    15100     0.00     0.34     0.34
06-May-2007    15101     0.00     0.00     0.00
07-May-2007    15102     0.00     0.00     0.00
08-May-2007    15103     0.00     0.00     0.00
09-May-2007    15104     0.00     0.00     0.00
10-May-2007    15105     0.00     0.00     0.00
11-May-2007    15106     0.00     0.00     0.00
12-May-2007    15107     0.00     0.20     0.20
13-May-2007    15108     0.00     0.00     0.00
14-May-2007    15109     0.00     0.00     0.00
15-May-2007    15110     0.22     0.00     0.22
16-May-2007    15111     1.50     0.00     1.50
17-May-2007    15112     0.00     0.00     0.00
18-May-2007    15113     0.00     0.00     0.00
19-May-2007    15114     1.00     0.00     1.00
20-May-2007    15115     0.00     0.00     0.00
21-May-2007    15116     0.42     0.00     0.42
22-May-2007    15117     0.23     0.00     0.23
23-May-2007    15118     0.00     0.00     0.00
24-May-2007    15119     0.00     0.00     0.00
25-May-2007    15120     0.00     0.00     0.00
26-May-2007    15121     0.00     0.00     0.00
27-May-2007    15122     0.00     0.00     0.00
28-May-2007    15123     0.00     0.00     0.00
29-May-2007    15124     0.00     0.00     0.00
30-May-2007    15125     0.00     0.00     0.00
31-May-2007    15126     0.00     0.00     0.00
01-Jun-2007    15127     0.00     0.21     0.21
02-Jun-2007    15128     0.00     1.17     1.17
03-Jun-2007    15129     0.00     3.99     3.99
04-Jun-2007    15130     0.00    20.79    20.79
05-Jun-2007    15131     0.00     3.80     3.80
06-Jun-2007    15132     0.00     5.78     5.78
07-Jun-2007    15133     0.00     0.59     0.59
08-Jun-2007    15134     0.00     2.86     2.86
09-Jun-2007    15135     0.00     2.74     2.74
10-Jun-2007    15136     0.00     0.63     0.63
11-Jun-2007    15137     0.00     0.19     0.19
12-Jun-2007    15138     0.00     0.00     0.00
13-Jun-2007    15139     0.00     0.00     0.00
14-Jun-2007    15140     0.00     0.00     0.00
15-Jun-2007    15141     0.00     0.00     0.00
16-Jun-2007    15142     0.00     0.00     0.00
17-Jun-2007    15143     0.00     0.00     0.00
18-Jun-2007    15144     0.00     0.00     0.00
19-Jun-2007    15145     0.00     0.00     0.00
20-Jun-2007    15146     0.00     0.00     0.00
21-Jun-2007    15147     0.00     0.00     0.00
22-Jun-2007    15148     0.00     0.00     0.00
23-Jun-2007    15149     0.00     0.00     0.00
24-Jun-2007    15150     0.00     0.00     0.00
25-Jun-2007    15151     0.00     0.00     0.00
26-Jun-2007    15152     0.00     0.00     0.00
27-Jun-2007    15153     0.00     0.00     0.00
28-Jun-2007    15154     0.00     1.10     1.10
29-Jun-2007    15155     0.00     2.13     2.13
30-Jun-2007    15156     0.00     0.00     0.00
01-Jul-2007    15157     0.00     0.44     0.44
02-Jul-2007    15158     0.00     0.00     0.00
03-Jul-2007    15159     0.00     0.18     0.18
04-Jul-2007    15160     0.00     0.00     0.00
05-Jul-2007    15161     0.00     0.00     0.00
06-Jul-2007    15162     0.00     0.00     0.00
07-Jul-2007    15163     0.00     0.00     0.00
08-Jul-2007    15164     0.00     4.14     4.14
09-Jul-2007    15165     0.18     5.54     5.72
10-Jul-2007    15166     0.00    22.25    22.25
11-Jul-2007    15167     0.00     0.22     0.22
12-Jul-2007    15168     0.00     0.00     0.00
13-Jul-2007    15169     0.00     0.00     0.00
14-Jul-2007    15170     0.00     0.00     0.00
15-Jul-2007    15171     0.16     0.00     0.16
16-Jul-2007    15172     0.82     0.00     0.82
17-Jul-2007    15173     0.00     0.00     0.00
18-Jul-2007    15174     0.44     0.81     1.26
19-Jul-2007    15175     0.00     0.00     0.00
20-Jul-2007    15176     0.00     0.00     0.00
21-Jul-2007    15177     0.00     0.00     0.00
22-Jul-2007    15178     0.00     0.00     0.00
23-Jul-2007    15179     0.00     0.00     0.00
24-Jul-2007    15180     0.00     0.00     0.00
25-Jul-2007    15181     0.00     0.00     0.00
26-Jul-2007    15182     0.00     0.00     0.00
27-Jul-2007    15183     0.00     0.00     0.00
28-Jul-2007    15184     0.00     0.85     0.85
29-Jul-2007    15185     0.00     0.00     0.00
30-Jul-2007    15186     0.00     0.00     0.00
31-Jul-2007    15187     0.00     0.00     0.00
01-Aug-2007    15188     0.00     0.00     0.00
02-Aug-2007    15189     0.00     0.00     0.00
03-Aug-2007    15190     0.00     0.00     0.00
04-Aug-2007    15191     0.00     0.00     0.00
05-Aug-2007    15192     0.00     0.00     0.00
06-Aug-2007    15193     0.00     5.75     5.75
07-Aug-2007    15194     0.00     0.00     0.00
08-Aug-2007    15195     0.00     0.00     0.00
09-Aug-2007    15196     0.00     0.00     0.00
10-Aug-2007    15197     0.00     0.00     0.00
11-Aug-2007    15198     0.00     0.00     0.00
12-Aug-2007    15199     0.00     0.00     0.00
13-Aug-2007    15200     0.00     0.00     0.00
14-Aug-2007    15201     0.00     0.00     0.00
15-Aug-2007    15202     0.00     0.00     0.00
16-Aug-2007    15203     0.00     0.00     0.00
17-Aug-2007    15204     0.00     0.00     0.00
18-Aug-2007    15205     0.00     0.00     0.00
19-Aug-2007    15206     0.00     0.00     0.00
20-Aug-2007    15207     0.00     0.00     0.00
21-Aug-2007    15208     0.00     0.00     0.00
22-Aug-2007    15209     0.00     0.00     0.00
23-Aug-2007    15210     0.00     0.00     0.00
24-Aug-2007    15211     0.00     0.79     0.79
25-Aug-2007    15212     0.00     0.00     0.00
26-Aug-2007    15213     0.00     0.00     0.00
27-Aug-2007    15214     0.00     0.00     0.00
28-Aug-2007    15215     0.00     0.00     0.00
29-Aug-2007    15216     0.00     0.00     0.00
30-Aug-2007    15217     0.00     0.00     0.00
31-Aug-2007    15218     0.00     0.07     0.07
01-Sep-2007    15219     0.00     0.00     0.00
02-Sep-2007    15220     0.00     0.00     0.00
03-Sep-2007    15221     0.00     0.00     0.00
04-Sep-2007    15222     0.00     0.00     0.00
05-Sep-2007    15223     0.00     0.00     0.00
06-Sep-2007    15224     0.00     0.00     0.00
07-Sep-2007    15225     0.00     0.00     0.00
08-Sep-2007    15226     0.00     0.00     0.00
09-Sep-2007    15227     0.00     0.00     0.00
10-Sep-2007    15228     0.00     0.00     0.00
11-Sep-2007    15229     0.00     0.00     0.00
12-Sep-2007    15230     0.00     0.00     0.00
13-Sep-2007    15231     0.00     0.00     0.00
14-Sep-2007    15232     0.00     0.00     0.00
15-Sep-2007    15233     0.00     0.00     0.00
16-Sep-2007    15234     0.00     0.00     0.00
17-Sep-2007    15235     0.00     0.00     0.00
18-Sep-2007    15236     0.00     0.00     0.00
19-Sep-2007    15237     0.00     0.00     0.00
20-Sep-2007    15238     0.00     0.00     0.00
21-Sep-2007    15239     0.00     0.00     0.00
22-Sep-2007    15240     0.00     0.00     0.00
23-Sep-2007    15241     0.00     0.00     0.00
24-Sep-2007    15242     0.00     0.00     0.00
25-Sep-2007    15243     0.00     0.00     0.00
26-Sep-2007    15244     0.00     0.00     0.00
27-Sep-2007    15245     0.00     0.00     0.00
28-Sep-2007    15246     0.00     0.00     0.00
29-Sep-2007    15247     0.00     0.00     0.00
30-Sep-2007    15248     0.00     0.00     0.00
01-Oct-2007    15249     0.00     0.00     0.00
02-Oct-2007    15250     0.00     0.00     0.00
03-Oct-2007    15251     0.00     0.00     0.00
04-Oct-2007    15252     0.00     0.00     0.00
05-Oct-2007    15253     0.00     0.00     0.00
06-Oct-2007    15254     0.00     0.00     0.00
07-Oct-2007    15255     0.00     0.00     0.00
08-Oct-2007    15256     0.00     0.00     0.00
09-Oct-2007    15257     0.00     0.00     0.00
10-Oct-2007    15258     0.00     0.00     0.00
11-Oct-2007    15259     0.00     0.00     0.00
12-Oct-2007    15260     0.00     0.00     0.00
13-Oct-2007    15261     0.00     0.00     0.00
14-Oct-2007    15262     0.00     0.00     0.00
15-Oct-2007    15263     0.00     0.00     0.00
16-Oct-2007    15264     0.00     0.00     0.00
17-Oct-2007    15265     0.00     0.00     0.00
18-Oct-2007    15266     0.00     0.00     0.00
19-Oct-2007    15267     0.00     0.00     0.00
20-Oct-2007    15268     0.00     0.00     0.00
21-Oct-2007    15269     0.00     0.00     0.00
22-Oct-2007    15270     0.00     0.00     0.00
23-Oct-2007    15271     0.00     0.00     0.00
24-Oct-2007    15272     0.00     0.00     0.00
25-Oct-2007    15273     0.00     0.00     0.00
26-Oct-2007    15274     0.00     0.00     0.00
27-Oct-2007    15275     0.00     0.00     0.00
28-Oct-2007    15276     0.00     0.00     0.00
29-Oct-2007    15277     0.00     0.00     0.00
30-Oct-2007    15278     0.00     0.00     0.00
31-Oct-2007    15279     0.00     0.00     0.00
01-Nov-2007    15280     0.00     0.00     0.00
02-Nov-2007    15281     0.00     0.00     0.00
03-Nov-2007    15282     0.00     0.00     0.00
04-Nov-2007    15283     0.00     0.00     0.00
05-Nov-2007    15284     0.00     0.00     0.00
06-Nov-2007    15285     0.00     0.00     0.00
07-Nov-2007    15286     0.00     0.00     0.00
08-Nov-2007    15287     0.00     0.00     0.00
09-Nov-2007    15288     0.00     0.00     0.00
10-Nov-2007    15289     0.00     0.00     0.00
11-Nov-2007    15290     0.00     0.00     0.00
12-Nov-2007    15291     0.00     0.00     0.00
13-Nov-2007    15292     0.00     0.14     0.14
14-Nov-2007    15293     0.00     0.00     0.00
15-Nov-2007    15294     0.00     0.00     0.00
16-Nov-2007    15295     0.00     0.00     0.00
17-Nov-2007    15296     0.14     0.00     0.14
18-Nov-2007    15297     0.00     0.00     0.00
19-Nov-2007    15298     0.00     0.00     0.00
20-Nov-2007    15299     0.00     0.00     0.00
21-Nov-2007    15300     0.00     0.00     0.00
22-Nov-2007    15301     0.00     0.00     0.00
23-Nov-2007    15302     0.00     0.00     0.00
24-Nov-2007    15303     0.00     0.00     0.00
25-Nov-2007    15304     0.00     0.00     0.00
26-Nov-2007    15305     0.00     0.00     0.00
27-Nov-2007    15306     0.00     0.00     0.00
28-Nov-2007    15307     0.00     0.00     0.00
29-Nov-2007    15308     0.00     0.00     0.00
30-Nov-2007    15309     0.00     0.00     0.00
01-Dec-2007    15310     0.00     1.52     1.52
02-Dec-2007    15311     0.00     2.92     2.92
03-Dec-2007    15312     0.00     0.00     0.00
04-Dec-2007    15313     0.00     0.08     0.08
05-Dec-2007    15314     0.00     0.34     0.34
06-Dec-2007    15315     0.00     4.90     4.90
07-Dec-2007    15316     0.00    17.60    17.60
08-Dec-2007    15317     2.61     5.34     7.95
09-Dec-2007    15318     0.00     3.35     3.35
10-Dec-2007    15319     0.00     1.87     1.87
11-Dec-2007    15320     0.00     2.74     2.74
12-Dec-2007    15321     0.00     2.38     2.38
13-Dec-2007    15322     0.00     7.40     7.40
14-Dec-2007    15323     0.00     3.50     3.50
15-Dec-2007    15324     0.00     0.00     0.00
16-Dec-2007    15325     0.00     0.00     0.00
17-Dec-2007    15326     0.00     1.59     1.59
18-Dec-2007    15327     0.00     0.12     0.12
19-Dec-2007    15328     0.00     0.00     0.00
20-Dec-2007    15329     0.00     0.00     0.00
21-Dec-2007    15330     0.00     0.00     0.00
22-Dec-2007    15331     0.00     0.00     0.00
23-Dec-2007    15332     0.00     0.00     0.00
24-Dec-2007    15333     0.00     0.00     0.00
25-Dec-2007    15334     0.00     0.00     0.00
26-Dec-2007    15335     0.00     0.00     0.00
27-Dec-2007    15336     0.00     0.00     0.00
28-Dec-2007    15337     0.00     0.00     0.00
29-Dec-2007    15338     0.00     0.00     0.00
30-Dec-2007    15339     0.00     0.00     0.00
31-Dec-2007    15340     0.00     0.00     0.00