
            DAILY SOLAR FLARE INDEX
           01 JAN 1995 - 31 DEC 1995
________________________________________________

  TIME (DAY)            NORTH    SOUTH    TOTAL
================================================
  01-Jan-95    10593     0.00     0.00     0.00
  02-Jan-95    10594     0.00     0.48     0.48
  03-Jan-95    10595     0.00     0.09     0.09
  04-Jan-95    10596     0.00     0.00     0.00
  05-Jan-95    10597     0.00     0.00     0.00
  06-Jan-95    10598     0.00     0.00     0.00
  07-Jan-95    10599     0.00     0.00     0.00
  08-Jan-95    10600     0.00     0.00     0.00
  09-Jan-95    10601     0.00     0.00     0.00
  10-Jan-95    10602     0.00     0.00     0.00
  11-Jan-95    10603     0.00     0.00     0.00
  12-Jan-95    10604     0.00     0.00     0.00
  13-Jan-95    10605     0.00     0.00     0.00
  14-Jan-95    10606     0.00     0.00     0.00
  15-Jan-95    10607     0.00     0.60     0.60
  16-Jan-95    10608     0.00     0.65     0.65
  17-Jan-95    10609     0.00     0.00     0.00
  18-Jan-95    10610     0.00     1.05     1.05
  19-Jan-95    10611     0.00     0.00     0.00
  20-Jan-95    10612     2.80     0.40     3.21
  21-Jan-95    10613     4.10     0.00     4.10
  22-Jan-95    10614     0.15     0.00     0.15
  23-Jan-95    10615     0.15     2.92     3.07
  24-Jan-95    10616     0.00     6.05     6.05
  25-Jan-95    10617     0.53     0.19     0.72
  26-Jan-95    10618     0.83     3.74     4.57
  27-Jan-95    10619     0.94     3.57     4.52
  28-Jan-95    10620     0.96     0.71     1.67
  29-Jan-95    10621     0.00     1.21     1.21
  30-Jan-95    10622     0.00     3.54     3.54
  31-Jan-95    10623     0.00     4.00     4.00
  01-Feb-95    10624     0.00     6.94     6.94
  02-Feb-95    10625     0.00     1.08     1.08
  03-Feb-95    10626     0.00     5.17     5.17
  04-Feb-95    10627     0.00     9.13     9.13
  05-Feb-95    10628     0.00     3.46     3.46
  06-Feb-95    10629     0.00     3.44     3.44
  07-Feb-95    10630     0.00     1.00     1.00
  08-Feb-95    10631     0.00     0.67     0.67
  09-Feb-95    10632     0.00     0.87     0.87
  10-Feb-95    10633     0.00     0.00     0.00
  11-Feb-95    10634     0.61     0.00     0.61
  12-Feb-95    10635     0.15     0.00     0.15
  13-Feb-95    10636     0.10     0.00     0.10
  14-Feb-95    10637     0.08     0.00     0.08
  15-Feb-95    10638     0.00     0.23     0.23
  16-Feb-95    10639     0.00     0.18     0.18
  17-Feb-95    10640     0.00     1.26     1.26
  18-Feb-95    10641     0.00     2.19     2.19
  19-Feb-95    10642     0.23     3.44     3.67
  20-Feb-95    10643     1.17     7.13     8.29
  21-Feb-95    10644     0.66     0.14     0.80
  22-Feb-95    10645     0.00     0.25     0.25
  23-Feb-95    10646     0.00     0.20     0.20
  24-Feb-95    10647     0.00     0.00     0.00
  25-Feb-95    10648     0.00     0.32     0.32
  26-Feb-95    10649     0.00     7.35     7.35
  27-Feb-95    10650     0.00     0.00     0.00
  28-Feb-95    10651     0.00     0.32     0.32
  01-Mar-95    10652     0.00     0.00     0.00
  02-Mar-95    10653     0.00     0.00     0.00
  03-Mar-95    10654     0.00     0.89     0.89
  04-Mar-95    10655     0.00     0.32     0.32
  05-Mar-95    10656     0.00     0.10     0.10
  06-Mar-95    10657     0.00     2.33     2.33
  07-Mar-95    10658     0.00     0.52     0.52
  08-Mar-95    10659     0.00     1.91     1.91
  09-Mar-95    10660     0.00     0.08     0.08
  10-Mar-95    10661     0.00     0.00     0.00
  11-Mar-95    10662     0.00     0.00     0.00
  12-Mar-95    10663     0.00     0.00     0.00
  13-Mar-95    10664     0.00     0.00     0.00
  14-Mar-95    10665     0.00     0.96     0.96
  15-Mar-95    10666     0.00     0.41     0.41
  16-Mar-95    10667     0.00     4.15     4.15
  17-Mar-95    10668     0.00     0.00     0.00
  18-Mar-95    10669     0.00     0.48     0.48
  19-Mar-95    10670     0.00     0.00     0.00
  20-Mar-95    10671     0.13     4.14     4.27
  21-Mar-95    10672     0.48     0.65     1.13
  22-Mar-95    10673     0.00     1.78     1.78
  23-Mar-95    10674     0.00     0.67     0.67
  24-Mar-95    10675     0.00     0.58     0.58
  25-Mar-95    10676     0.00     0.25     0.25
  26-Mar-95    10677     0.00     2.13     2.13
  27-Mar-95    10678     0.00     2.61     2.61
  28-Mar-95    10679     0.00     1.15     1.15
  29-Mar-95    10680     0.00     1.44     1.44
  30-Mar-95    10681     0.00     0.42     0.42
  31-Mar-95    10682     0.00     0.00     0.00
  01-Apr-95    10683     0.00     0.00     0.00
  02-Apr-95    10684     0.00     0.90     0.90
  03-Apr-95    10685     0.00     0.00     0.00
  04-Apr-95    10686     0.00     0.00     0.00
  05-Apr-95    10687     0.75     0.00     0.75
  06-Apr-95    10688     0.00     0.00     0.00
  07-Apr-95    10689     0.00     0.00     0.00
  08-Apr-95    10690     0.00     0.00     0.00
  09-Apr-95    10691     0.00     0.65     0.65
  10-Apr-95    10692     0.00     0.00     0.00
  11-Apr-95    10693     0.00     0.39     0.39
  12-Apr-95    10694     0.00     7.88     7.88
  13-Apr-95    10695     0.00     2.13     2.13
  14-Apr-95    10696     0.00     0.14     0.14
  15-Apr-95    10697     0.42     0.13     0.56
  16-Apr-95    10698     0.00     0.11     0.11
  17-Apr-95    10699     0.00     0.21     0.21
  18-Apr-95    10700     0.00     0.00     0.00
  19-Apr-95    10701     0.00     3.09     3.09
  20-Apr-95    10702     0.00     0.33     0.33
  21-Apr-95    10703     0.00     0.67     0.67
  22-Apr-95    10704     0.23     2.33     2.56
  23-Apr-95    10705     0.00     0.00     0.00
  24-Apr-95    10706     0.00     0.00     0.00
  25-Apr-95    10707     0.00     0.00     0.00
  26-Apr-95    10708     0.00     0.00     0.00
  27-Apr-95    10709     0.00     0.00     0.00
  28-Apr-95    10710     0.00     0.00     0.00
  29-Apr-95    10711     0.00     0.00     0.00
  30-Apr-95    10712     0.00     0.00     0.00
  01-May-95    10713     0.00     0.00     0.00
  02-May-95    10714     0.00     0.00     0.00
  03-May-95    10715     0.00     0.00     0.00
  04-May-95    10716     0.00     0.00     0.00
  05-May-95    10717     0.00     0.00     0.00
  06-May-95    10718     0.00     0.00     0.00
  07-May-95    10719     0.00     0.00     0.00
  08-May-95    10720     0.00     0.00     0.00
  09-May-95    10721     0.00     0.00     0.00
  10-May-95    10722     0.00     0.00     0.00
  11-May-95    10723     0.00     0.00     0.00
  12-May-95    10724     0.38     0.00     0.38
  13-May-95    10725     2.61     0.00     2.61
  14-May-95    10726     0.86     0.00     0.86
  15-May-95    10727     1.38     0.00     1.38
  16-May-95    10728     4.98     8.80    13.78
  17-May-95    10729     1.00     1.15     2.15
  18-May-95    10730     0.04     0.58     0.63
  19-May-95    10731     0.00     3.08     3.08
  20-May-95    10732     0.00     0.00     0.00
  21-May-95    10733     0.00     0.30     0.30
  22-May-95    10734     0.00     0.00     0.00
  23-May-95    10735     0.00     0.00     0.00
  24-May-95    10736     0.00     0.00     0.00
  25-May-95    10737     0.00     0.00     0.00
  26-May-95    10738     0.00     0.00     0.00
  27-May-95    10739     0.00     0.00     0.00
  28-May-95    10740     0.17     0.00     0.17
  29-May-95    10741     0.18     0.00     0.18
  30-May-95    10742     0.00     0.00     0.00
  31-May-95    10743     0.00     0.00     0.00
  01-Jun-95    10744     0.00     0.00     0.00
  02-Jun-95    10745     0.00     0.00     0.00
  03-Jun-95    10746     0.49     0.53     1.01
  04-Jun-95    10747     2.88     0.71     3.59
  05-Jun-95    10748     6.32     0.30     6.62
  06-Jun-95    10749     1.19     0.15     1.33
  07-Jun-95    10750     0.00     0.31     0.31
  08-Jun-95    10751     3.70     0.00     3.70
  09-Jun-95    10752     0.00     0.00     0.00
  10-Jun-95    10753     0.10     0.00     0.10
  11-Jun-95    10754     0.00     0.00     0.00
  12-Jun-95    10755     0.44     0.00     0.44
  13-Jun-95    10756     0.27     0.00     0.27
  14-Jun-95    10757     0.00     0.00     0.00
  15-Jun-95    10758     0.00     0.00     0.00
  16-Jun-95    10759     0.00     0.00     0.00
  17-Jun-95    10760     0.00     0.00     0.00
  18-Jun-95    10761     0.30     0.00     0.30
  19-Jun-95    10762     0.00     0.00     0.00
  20-Jun-95    10763     0.00     0.00     0.00
  21-Jun-95    10764     0.22     0.00     0.22
  22-Jun-95    10765     0.00     0.00     0.00
  23-Jun-95    10766     0.75     0.00     0.75
  24-Jun-95    10767     0.00     0.00     0.00
  25-Jun-95    10768     0.00     0.00     0.00
  26-Jun-95    10769     0.00     0.00     0.00
  27-Jun-95    10770     0.00     0.00     0.00
  28-Jun-95    10771     0.39     0.00     0.39
  29-Jun-95    10772     1.24     0.00     1.24
  30-Jun-95    10773     3.40     0.00     3.40
  01-Jul-95    10774     1.32     0.00     1.32
  02-Jul-95    10775     0.00     0.00     0.00
  03-Jul-95    10776     0.00     0.00     0.00
  04-Jul-95    10777     0.00     0.00     0.00
  05-Jul-95    10778     0.00     0.00     0.00
  06-Jul-95    10779     0.00     0.00     0.00
  07-Jul-95    10780    11.63     0.38    12.00
  08-Jul-95    10781     1.43     0.43     1.86
  09-Jul-95    10782     1.04     0.00     1.04
  10-Jul-95    10783     0.00     0.27     0.27
  11-Jul-95    10784     0.00     0.00     0.00
  12-Jul-95    10785     1.49     0.00     1.49
  13-Jul-95    10786     0.45     0.47     0.93
  14-Jul-95    10787     0.56     0.00     0.56
  15-Jul-95    10788     0.00     0.00     0.00
  16-Jul-95    10789     0.00     0.00     0.00
  17-Jul-95    10790     0.00     0.00     0.00
  18-Jul-95    10791     1.08     0.00     1.08
  19-Jul-95    10792     0.00     0.00     0.00
  20-Jul-95    10793     0.00     0.00     0.00
  21-Jul-95    10794     0.49     0.00     0.49
  22-Jul-95    10795     0.00     0.00     0.00
  23-Jul-95    10796     0.00     0.00     0.00
  24-Jul-95    10797     0.00     0.00     0.00
  25-Jul-95    10798     0.00     0.00     0.00
  26-Jul-95    10799     0.00     0.00     0.00
  27-Jul-95    10800     0.00     0.00     0.00
  28-Jul-95    10801     0.00     0.00     0.00
  29-Jul-95    10802     0.00     0.00     0.00
  30-Jul-95    10803     0.00     0.00     0.00
  31-Jul-95    10804     0.00     0.00     0.00
  01-Aug-95    10805     0.21     0.00     0.21
  02-Aug-95    10806     0.73     0.00     0.73
  03-Aug-95    10807     0.00     0.00     0.00
  04-Aug-95    10808     0.27     0.00     0.27
  05-Aug-95    10809     2.25     0.00     2.25
  06-Aug-95    10810     0.00     0.00     0.00
  07-Aug-95    10811     0.00     0.00     0.00
  08-Aug-95    10812     0.00     0.00     0.00
  09-Aug-95    10813     0.00     0.00     0.00
  10-Aug-95    10814     0.00     0.00     0.00
  11-Aug-95    10815     0.00     0.00     0.00
  12-Aug-95    10816     0.00     1.50     1.50
  13-Aug-95    10817     0.00     0.00     0.00
  14-Aug-95    10818     0.00     0.00     0.00
  15-Aug-95    10819     0.00     0.00     0.00
  16-Aug-95    10820     0.00     0.00     0.00
  17-Aug-95    10821     0.00     0.00     0.00
  18-Aug-95    10822     0.86     0.19     1.05
  19-Aug-95    10823     0.27     0.00     0.27
  20-Aug-95    10824     0.00     0.36     0.36
  21-Aug-95    10825     0.36     0.00     0.36
  22-Aug-95    10826     0.00     0.00     0.00
  23-Aug-95    10827     0.53     0.00     0.53
  24-Aug-95    10828     1.11     0.88     2.00
  25-Aug-95    10829     0.10     0.58     0.69
  26-Aug-95    10830     0.50     0.00     0.50
  27-Aug-95    10831     0.29     0.00     0.29
  28-Aug-95    10832     1.36     0.00     1.36
  29-Aug-95    10833     0.00     0.00     0.00
  30-Aug-95    10834     0.60     0.00     0.60
  31-Aug-95    10835     0.28     0.00     0.28
  01-Sep-95    10836     0.00     0.00     0.00
  02-Sep-95    10837     0.00     0.00     0.00
  03-Sep-95    10838     0.08     0.00     0.08
  04-Sep-95    10839     5.37     0.00     5.37
  05-Sep-95    10840     7.83     0.00     7.83
  06-Sep-95    10841     0.00     0.00     0.00
  07-Sep-95    10842     0.00     0.00     0.00
  08-Sep-95    10843     0.00     0.00     0.00
  09-Sep-95    10844     0.00     0.00     0.00
  10-Sep-95    10845     0.00     0.00     0.00
  11-Sep-95    10846     0.00     0.00     0.00
  12-Sep-95    10847     0.36     0.00     0.36
  13-Sep-95    10848     0.00     0.00     0.00
  14-Sep-95    10849     0.00     0.00     0.00
  15-Sep-95    10850     0.00     0.00     0.00
  16-Sep-95    10851     0.00     0.00     0.00
  17-Sep-95    10852     0.00     0.00     0.00
  18-Sep-95    10853     5.51     0.00     5.51
  19-Sep-95    10854     0.00     0.00     0.00
  20-Sep-95    10855     2.10     0.00     2.10
  21-Sep-95    10856     0.15     0.00     0.15
  22-Sep-95    10857     3.52     0.00     3.52
  23-Sep-95    10858     0.00     0.00     0.00
  24-Sep-95    10859     0.00     0.00     0.00
  25-Sep-95    10860     0.18     0.00     0.18
  26-Sep-95    10861     0.49     0.00     0.49
  27-Sep-95    10862     0.00     0.15     0.15
  28-Sep-95    10863     0.00     0.00     0.00
  29-Sep-95    10864     0.00     0.00     0.00
  30-Sep-95    10865     0.00     0.00     0.00
  01-Oct-95    10866     0.00     0.00     0.00
  02-Oct-95    10867     0.00     0.00     0.00
  03-Oct-95    10868     0.00     0.00     0.00
  04-Oct-95    10869     0.00     0.00     0.00
  05-Oct-95    10870     0.00     0.00     0.00
  06-Oct-95    10871     0.00     0.00     0.00
  07-Oct-95    10872     0.00     0.08     0.08
  08-Oct-95    10873     1.41     0.00     1.41
  09-Oct-95    10874     0.54     2.96     3.50
  10-Oct-95    10875     0.00     5.96     5.96
  11-Oct-95    10876     0.00     2.69     2.69
  12-Oct-95    10877     0.00     7.03     7.03
  13-Oct-95    10878     0.00     4.46     4.46
  14-Oct-95    10879     0.00    10.63    10.63
  15-Oct-95    10880     0.13     0.25     0.38
  16-Oct-95    10881     0.55     0.28     0.83
  17-Oct-95    10882     0.00     0.78     0.78
  18-Oct-95    10883     0.00     0.79     0.79
  19-Oct-95    10884     0.00     0.82     0.82
  20-Oct-95    10885     0.00     7.54     7.54
  21-Oct-95    10886     1.04     3.00     4.04
  22-Oct-95    10887     0.00     0.24     0.24
  23-Oct-95    10888     0.00     0.02     0.02
  24-Oct-95    10889     0.00     0.08     0.08
  25-Oct-95    10890     0.00     0.00     0.00
  26-Oct-95    10891     0.00     0.00     0.00
  27-Oct-95    10892     0.00     0.00     0.00
  28-Oct-95    10893     0.00     0.00     0.00
  29-Oct-95    10894     0.00     0.00     0.00
  30-Oct-95    10895     0.00     0.00     0.00
  31-Oct-95    10896     0.00     0.00     0.00
  01-Nov-95    10897     0.00     0.00     0.00
  02-Nov-95    10898     0.00     0.00     0.00
  03-Nov-95    10899     0.00     0.00     0.00
  04-Nov-95    10900     0.00     0.00     0.00
  05-Nov-95    10901     0.00     0.00     0.00
  06-Nov-95    10902     0.00     0.00     0.00
  07-Nov-95    10903     0.00     0.00     0.00
  08-Nov-95    10904     0.00     0.00     0.00
  09-Nov-95    10905     0.00     2.29     2.29
  10-Nov-95    10906     0.00     1.04     1.04
  11-Nov-95    10907     0.00     0.00     0.00
  12-Nov-95    10908     0.00     0.00     0.00
  13-Nov-95    10909     0.00     0.00     0.00
  14-Nov-95    10910     0.00     0.00     0.00
  15-Nov-95    10911     0.00     0.00     0.00
  16-Nov-95    10912     0.48     0.00     0.48
  17-Nov-95    10913     0.00     0.00     0.00
  18-Nov-95    10914     0.00     0.15     0.15
  19-Nov-95    10915     0.00     0.00     0.00
  20-Nov-95    10916     0.00     0.00     0.00
  21-Nov-95    10917     0.00     0.00     0.00
  22-Nov-95    10918     0.22     0.00     0.22
  23-Nov-95    10919     0.00     0.00     0.00
  24-Nov-95    10920     0.00     0.00     0.00
  25-Nov-95    10921     0.00     0.00     0.00
  26-Nov-95    10922     0.00     0.00     0.00
  27-Nov-95    10923     0.00     0.00     0.00
  28-Nov-95    10924     1.46     0.00     1.46
  29-Nov-95    10925     0.00     0.00     0.00
  30-Nov-95    10926     0.00     0.00     0.00
  01-Dec-95    10927     0.00     0.00     0.00
  02-Dec-95    10928     0.56     0.00     0.56
  03-Dec-95    10929     0.00     0.00     0.00
  04-Dec-95    10930     0.00     0.00     0.00
  05-Dec-95    10931     0.00     0.00     0.00
  06-Dec-95    10932     0.00     0.00     0.00
  07-Dec-95    10933     0.00     0.00     0.00
  08-Dec-95    10934     0.00     0.00     0.00
  09-Dec-95    10935     0.00     0.00     0.00
  10-Dec-95    10936     0.00     0.00     0.00
  11-Dec-95    10937     0.00     0.00     0.00
  12-Dec-95    10938     0.00     1.35     1.35
  13-Dec-95    10939     0.00     0.20     0.20
  14-Dec-95    10940     0.00     0.00     0.00
  15-Dec-95    10941     0.00     0.00     0.00
  16-Dec-95    10942     0.00     0.00     0.00
  17-Dec-95    10943     0.00     0.00     0.00
  18-Dec-95    10944     0.00     0.00     0.00
  19-Dec-95    10945     0.00     0.00     0.00
  20-Dec-95    10946     0.00     0.00     0.00
  21-Dec-95    10947     0.00     0.00     0.00
  22-Dec-95    10948     0.00     0.00     0.00
  23-Dec-95    10949     0.00     0.00     0.00
  24-Dec-95    10950     0.00     0.00     0.00
  25-Dec-95    10951     0.00     0.00     0.00
  26-Dec-95    10952     0.00     0.00     0.00
  27-Dec-95    10953     0.36     0.00     0.36
  28-Dec-95    10954     0.00     0.00     0.00
  29-Dec-95    10955     0.25     0.00     0.25
  30-Dec-95    10956     0.00     0.00     0.00
  31-Dec-95    10957     0.00     0.00     0.00