
            DAILY SOLAR FLARE INDEX
           01 JAN 2003 - 31 DEC 2003
________________________________________________

 TIME (DAY)            NORTH    SOUTH    TOTAL
================================================
01-Jan-2003    13515     0.22     0.89     1.11
02-Jan-2003    13516     0.00     0.13     0.13
03-Jan-2003    13517     0.41     4.76     5.17
04-Jan-2003    13518     0.00     4.42     4.42
05-Jan-2003    13519     0.00     2.44     2.44
06-Jan-2003    13520     0.00     0.79     0.79
07-Jan-2003    13521     0.00     5.49     5.49
08-Jan-2003    13522     0.08     9.97    10.05
09-Jan-2003    13523     0.00     9.12     9.12
10-Jan-2003    13524     0.00     0.83     0.83
11-Jan-2003    13525     0.00     5.87     5.87
12-Jan-2003    13526     0.00     2.08     2.08
13-Jan-2003    13527     0.00     2.43     2.43
14-Jan-2003    13528     0.00     0.17     0.17
15-Jan-2003    13529     0.00     0.69     0.69
16-Jan-2003    13530     6.20     0.65     6.85
17-Jan-2003    13531     0.15     0.00     0.15
18-Jan-2003    13532     0.00     0.50     0.50
19-Jan-2003    13533     1.28     0.00     1.28
20-Jan-2003    13534     0.49     0.28     0.77
21-Jan-2003    13535     1.27     1.27     2.53
22-Jan-2003    13536     1.32     0.51     1.83
23-Jan-2003    13537     0.00     8.15     8.15
24-Jan-2003    13538     0.00     4.87     4.87
25-Jan-2003    13539     1.31     0.00     1.31
26-Jan-2003    13540     1.51     0.00     1.51
27-Jan-2003    13541     0.68     0.97     1.64
28-Jan-2003    13542     0.00     0.00     0.00
29-Jan-2003    13543     0.66     0.46     1.13
30-Jan-2003    13544     0.00     0.17     0.17
31-Jan-2003    13545     0.00     0.00     0.00
01-Feb-2003    13546     0.00     1.48     1.48
02-Feb-2003    13547     0.00     1.16     1.16
03-Feb-2003    13548     0.00     0.00     0.00
04-Feb-2003    13549     0.00     0.56     0.56
05-Feb-2003    13550     0.44     0.14     0.57
06-Feb-2003    13551     5.59     1.28     6.86
07-Feb-2003    13552     0.00     1.85     1.85
08-Feb-2003    13553     0.00     0.00     0.00
09-Feb-2003    13554     0.00     0.42     0.42
10-Feb-2003    13555     0.00     0.00     0.00
11-Feb-2003    13556     0.00     1.21     1.21
12-Feb-2003    13557     2.13     3.30     5.43
13-Feb-2003    13558     0.74     0.22     0.96
14-Feb-2003    13559     1.16     0.00     1.16
15-Feb-2003    13560     0.00     0.09     0.09
16-Feb-2003    13561     0.00     0.00     0.00
17-Feb-2003    13562     0.00     0.00     0.00
18-Feb-2003    13563     1.57     0.00     1.57
19-Feb-2003    13564     6.61     0.00     6.61
20-Feb-2003    13565     1.76     0.37     2.13
21-Feb-2003    13566     6.74     0.00     6.74
22-Feb-2003    13567     1.10     0.00     1.10
23-Feb-2003    13568     0.00     0.00     0.00
24-Feb-2003    13569     2.17     0.00     2.17
25-Feb-2003    13570     0.32     0.00     0.32
26-Feb-2003    13571     0.09     0.00     0.09
27-Feb-2003    13572     0.00     0.00     0.00
28-Feb-2003    13573     0.39     0.58     0.97
01-Mar-2003    13574     0.23     0.32     0.55
02-Mar-2003    13575     0.38     1.06     1.44
03-Mar-2003    13576     0.00     0.00     0.00
04-Mar-2003    13577     0.00     0.00     0.00
05-Mar-2003    13578     0.73     0.00     0.73
06-Mar-2003    13579     0.00     0.00     0.00
07-Mar-2003    13580     0.35     0.00     0.35
08-Mar-2003    13581     0.79     0.40     1.19
09-Mar-2003    13582     0.33     0.49     0.82
10-Mar-2003    13583     0.33     0.12     0.45
11-Mar-2003    13584     0.00     2.11     2.11
12-Mar-2003    13585     0.64     0.00     0.64
13-Mar-2003    13586     1.21     1.21     2.42
14-Mar-2003    13587     0.00     0.00     0.00
15-Mar-2003    13588     0.29     2.03     2.32
16-Mar-2003    13589     0.00     6.77     6.77
17-Mar-2003    13590     0.00     4.95     4.95
18-Mar-2003    13591     2.14    43.40    45.54
19-Mar-2003    13592     0.00    19.48    19.48
20-Mar-2003    13593     0.00     1.35     1.35
21-Mar-2003    13594     0.00     0.86     0.86
22-Mar-2003    13595     0.00     0.00     0.00
23-Mar-2003    13596     0.00     0.00     0.00
24-Mar-2003    13597     0.00     0.00     0.00
25-Mar-2003    13598     1.36     0.16     1.52
26-Mar-2003    13599     0.77     0.57     1.34
27-Mar-2003    13600     2.71     0.00     2.71
28-Mar-2003    13601     0.00     0.00     0.00
29-Mar-2003    13602     0.00     4.63     4.63
30-Mar-2003    13603     0.32     0.00     0.32
31-Mar-2003    13604     0.00     0.84     0.84
01-Apr-2003    13605     0.00     2.31     2.31
02-Apr-2003    13606     0.00     2.34     2.34
03-Apr-2003    13607     0.00     3.52     3.52
04-Apr-2003    13608     3.64     6.90    10.54
05-Apr-2003    13609     0.00     3.03     3.03
06-Apr-2003    13610     0.00     0.57     0.57
07-Apr-2003    13611     0.00     0.00     0.00
08-Apr-2003    13612     0.05     0.26     0.31
09-Apr-2003    13613     0.00     0.91     0.91
10-Apr-2003    13614     0.00    13.17    13.17
11-Apr-2003    13615     0.00     0.00     0.00
12-Apr-2003    13616     0.00     0.00     0.00
13-Apr-2003    13617     0.27     0.00     0.27
14-Apr-2003    13618     0.00     0.61     0.61
15-Apr-2003    13619     0.00     0.00     0.00
16-Apr-2003    13620     0.00     0.00     0.00
17-Apr-2003    13621     0.00     0.14     0.14
18-Apr-2003    13622     0.00     0.00     0.00
19-Apr-2003    13623     0.15     0.00     0.15
20-Apr-2003    13624     0.54     0.09     0.63
21-Apr-2003    13625     2.04     0.93     2.96
22-Apr-2003    13626     1.39     0.00     1.39
23-Apr-2003    13627     5.37     0.00     5.37
24-Apr-2003    13628     1.84     1.62     3.45
25-Apr-2003    13629     3.92     0.00     3.92
26-Apr-2003    13630     5.00     0.00     5.00
27-Apr-2003    13631     5.30     0.28     5.58
28-Apr-2003    13632     0.23     0.57     0.80
29-Apr-2003    13633     0.00    11.37    11.37
30-Apr-2003    13634     0.00     0.23     0.23
01-May-2003    13635     0.00     8.81     8.81
02-May-2003    13636     0.21     2.28     2.49
03-May-2003    13637     0.00     0.46     0.46
04-May-2003    13638     0.00     1.68     1.68
05-May-2003    13639     0.00     0.92     0.92
06-May-2003    13640     0.00     0.12     0.12
07-May-2003    13641     0.00     0.43     0.43
08-May-2003    13642     0.00     0.00     0.00
09-May-2003    13643     0.00     0.00     0.00
10-May-2003    13644     0.00     0.16     0.16
11-May-2003    13645     0.00     0.00     0.00
12-May-2003    13646     0.00     0.00     0.00
13-May-2003    13647     0.00     0.00     0.00
14-May-2003    13648     0.00     0.00     0.00
15-May-2003    13649     0.00     0.00     0.00
16-May-2003    13650     0.27     0.00     0.27
17-May-2003    13651     0.00     0.15     0.15
18-May-2003    13652     0.00     0.57     0.57
19-May-2003    13653     2.00     0.56     2.56
20-May-2003    13654     0.00     0.91     0.91
21-May-2003    13655     0.00     0.00     0.00
22-May-2003    13656     0.00     5.72     5.72
23-May-2003    13657     0.00     0.48     0.48
24-May-2003    13658     0.72     0.61     1.33
25-May-2003    13659     0.64     1.36     2.00
26-May-2003    13660     0.00    17.72    17.72
27-May-2003    13661     0.00    43.83    43.83
28-May-2003    13662     0.00     1.06     1.06
29-May-2003    13663     0.00     0.13     0.13
30-May-2003    13664     8.61     8.47    17.08
31-May-2003    13665     0.00    25.96    25.96
01-Jun-2003    13666     0.13     0.61     0.74
02-Jun-2003    13667     5.38     0.90     6.27
03-Jun-2003    13668     0.58     0.00     0.58
04-Jun-2003    13669     0.11     0.00     0.11
05-Jun-2003    13670     0.74     0.00     0.74
06-Jun-2003    13671     5.97     0.00     5.97
07-Jun-2003    13672     0.92     0.00     0.92
08-Jun-2003    13673     5.15     7.61    12.75
09-Jun-2003    13674     9.49     2.82    12.32
10-Jun-2003    13675    34.42     1.44    35.85
11-Jun-2003    13676    20.08     3.06    23.15
12-Jun-2003    13677    12.71     3.31    16.02
13-Jun-2003    13678     2.92     0.79     3.71
14-Jun-2003    13679     0.00     0.85     0.85
15-Jun-2003    13680     0.15     0.64     0.79
16-Jun-2003    13681     0.00     0.53     0.53
17-Jun-2003    13682     0.48     1.60     2.08
18-Jun-2003    13683     1.40     0.15     1.55
19-Jun-2003    13684     0.00     0.00     0.00
20-Jun-2003    13685     0.00     0.82     0.82
21-Jun-2003    13686     0.22     0.65     0.87
22-Jun-2003    13687     0.29     0.00     0.29
23-Jun-2003    13688     0.13     0.13     0.27
24-Jun-2003    13689     2.01     0.00     2.01
25-Jun-2003    13690     0.06     0.15     0.21
26-Jun-2003    13691     0.00     0.00     0.00
27-Jun-2003    13692     0.00     0.00     0.00
28-Jun-2003    13693     0.00     0.00     0.00
29-Jun-2003    13694     0.00     0.95     0.95
30-Jun-2003    13695     4.32     1.47     5.79
01-Jul-2003    13696     0.68     0.00     0.68
02-Jul-2003    13697     6.60     0.00     6.60
03-Jul-2003    13698     3.70     0.00     3.70
04-Jul-2003    13699     8.70     0.00     8.70
05-Jul-2003    13700     1.81     0.00     1.81
06-Jul-2003    13701     2.43     0.00     2.43
07-Jul-2003    13702     0.36     0.00     0.36
08-Jul-2003    13703     0.45     3.18     3.63
09-Jul-2003    13704     7.73     1.02     8.74
10-Jul-2003    13705     0.50     0.13     0.63
11-Jul-2003    13706     0.07     0.00     0.07
12-Jul-2003    13707     0.62     0.00     0.62
13-Jul-2003    13708     1.13     0.21     1.35
14-Jul-2003    13709     0.75     0.00     0.75
15-Jul-2003    13710     0.00     0.00     0.00
16-Jul-2003    13711     0.00     1.32     1.32
17-Jul-2003    13712     4.46     3.08     7.53
18-Jul-2003    13713     1.09     1.88     2.97
19-Jul-2003    13714     0.95     1.14     2.09
20-Jul-2003    13715     0.27     5.06     5.33
21-Jul-2003    13716     0.15     6.05     6.20
22-Jul-2003    13717     1.10     3.35     4.46
23-Jul-2003    13718     0.07     2.31     2.38
24-Jul-2003    13719     0.00     0.00     0.00
25-Jul-2003    13720     0.00     0.00     0.00
26-Jul-2003    13721     0.26     0.00     0.26
27-Jul-2003    13722     0.08     0.00     0.08
28-Jul-2003    13723     0.75     0.00     0.75
29-Jul-2003    13724     0.33     0.81     1.14
30-Jul-2003    13725     3.32     0.88     4.20
31-Jul-2003    13726     0.12     0.00     0.12
01-Aug-2003    13727     0.00     0.00     0.00
02-Aug-2003    13728     0.00     9.95     9.95
03-Aug-2003    13729     0.13     3.14     3.28
04-Aug-2003    13730     0.00     0.19     0.19
05-Aug-2003    13731     0.00     0.80     0.80
06-Aug-2003    13732     0.00     0.00     0.00
07-Aug-2003    13733     0.00     0.75     0.75
08-Aug-2003    13734     0.00     0.10     0.10
09-Aug-2003    13735     0.00     0.13     0.13
10-Aug-2003    13736     0.00     0.91     0.91
11-Aug-2003    13737     0.00     0.00     0.00
12-Aug-2003    13738     0.00     1.78     1.78
13-Aug-2003    13739     0.00     3.02     3.02
14-Aug-2003    13740     0.00     2.08     2.08
15-Aug-2003    13741     0.00     1.52     1.52
16-Aug-2003    13742     0.00     0.59     0.59
17-Aug-2003    13743     0.00     0.93     0.93
18-Aug-2003    13744     0.00     0.84     0.84
19-Aug-2003    13745     0.39     6.33     6.72
20-Aug-2003    13746     0.00     0.00     0.00
21-Aug-2003    13747     0.00     0.00     0.00
22-Aug-2003    13748     0.33     0.00     0.33
23-Aug-2003    13749     0.35     0.00     0.35
24-Aug-2003    13750     1.12     0.00     1.12
25-Aug-2003    13751     0.00     3.13     3.13
26-Aug-2003    13752     1.55     0.05     1.60
27-Aug-2003    13753     4.13     0.24     4.37
28-Aug-2003    13754     1.26     0.26     1.52
29-Aug-2003    13755     0.00     0.15     0.15
30-Aug-2003    13756     0.66     1.27     1.92
31-Aug-2003    13757     0.00     1.38     1.38
01-Sep-2003    13758     0.00     0.00     0.00
02-Sep-2003    13759     0.00     0.00     0.00
03-Sep-2003    13760     0.07     0.10     0.17
04-Sep-2003    13761     0.00     0.07     0.07
05-Sep-2003    13762     0.00     0.00     0.00
06-Sep-2003    13763     0.00     0.00     0.00
07-Sep-2003    13764     0.00     1.69     1.69
08-Sep-2003    13765     0.00     0.00     0.00
09-Sep-2003    13766     0.00     0.00     0.00
10-Sep-2003    13767     0.00     0.53     0.53
11-Sep-2003    13768     0.00     0.00     0.00
12-Sep-2003    13769     0.00     0.09     0.09
13-Sep-2003    13770     0.00     1.36     1.36
14-Sep-2003    13771     0.00     0.82     0.82
15-Sep-2003    13772     0.00     1.06     1.06
16-Sep-2003    13773     0.00     1.02     1.02
17-Sep-2003    13774     0.21     0.60     0.81
18-Sep-2003    13775     0.00     0.81     0.81
19-Sep-2003    13776     0.00     0.21     0.21
20-Sep-2003    13777     0.56     0.00     0.56
21-Sep-2003    13778     0.00     0.00     0.00
22-Sep-2003    13779     0.21     0.00     0.21
23-Sep-2003    13780     0.37     0.00     0.37
24-Sep-2003    13781     2.89     0.00     2.89
25-Sep-2003    13782     0.36     0.00     0.36
26-Sep-2003    13783     0.69     0.00     0.69
27-Sep-2003    13784     1.69     0.00     1.69
28-Sep-2003    13785     1.15     0.00     1.15
29-Sep-2003    13786     2.68     0.00     2.68
30-Sep-2003    13787     3.31     0.52     3.83
01-Oct-2003    13788     2.44     0.90     3.33
02-Oct-2003    13789     2.03     2.85     4.88
03-Oct-2003    13790     0.00     1.12     1.12
04-Oct-2003    13791     0.00     0.24     0.24
05-Oct-2003    13792     0.00     0.90     0.90
06-Oct-2003    13793     0.00     0.00     0.00
07-Oct-2003    13794     0.00     1.85     1.85
08-Oct-2003    13795     0.00     0.00     0.00
09-Oct-2003    13796     0.00     0.43     0.43
10-Oct-2003    13797     0.00     0.00     0.00
11-Oct-2003    13798     0.00     0.00     0.00
12-Oct-2003    13799     0.00     0.00     0.00
13-Oct-2003    13800     0.00     0.00     0.00
14-Oct-2003    13801     0.00     0.00     0.00
15-Oct-2003    13802     0.00     0.17     0.17
16-Oct-2003    13803     0.00     0.18     0.18
17-Oct-2003    13804     0.00     0.00     0.00
18-Oct-2003    13805     3.10     0.00     3.10
19-Oct-2003    13806     9.37     0.00     9.37
20-Oct-2003    13807     9.87     0.00     9.87
21-Oct-2003    13808     3.62     0.38     4.00
22-Oct-2003    13809     9.78     0.55    10.34
23-Oct-2003    13810     2.17     5.78     7.95
24-Oct-2003    13811     2.00     8.05    10.05
25-Oct-2003    13812     5.62    11.22    16.84
26-Oct-2003    13813    18.51    53.11    71.62
27-Oct-2003    13814    17.77    10.84    28.61
28-Oct-2003    13815    28.65   115.67   144.33
29-Oct-2003    13816     2.16    29.71    31.88
30-Oct-2003    13817     5.71     2.48     8.20
31-Oct-2003    13818     4.76     1.27     6.03
01-Nov-2003    13819     2.38     4.83     7.21
02-Nov-2003    13820     0.56    29.91    30.47
03-Nov-2003    13821    14.74     1.05    15.79
04-Nov-2003    13822     0.00    12.09    12.09
05-Nov-2003    13823     0.00     0.41     0.41
06-Nov-2003    13824     0.00     0.00     0.00
07-Nov-2003    13825     0.00     0.00     0.00
08-Nov-2003    13826     0.00     0.00     0.00
09-Nov-2003    13827     0.00     0.00     0.00
10-Nov-2003    13828     0.09     0.11     0.20
11-Nov-2003    13829     0.00     1.55     1.55
12-Nov-2003    13830     0.00     0.00     0.00
13-Nov-2003    13831     0.00     0.00     0.00
14-Nov-2003    13832     0.00     0.00     0.00
15-Nov-2003    13833     0.86     0.00     0.86
16-Nov-2003    13834     1.23     0.00     1.23
17-Nov-2003    13835     5.92     3.63     9.55
18-Nov-2003    13836    16.39     0.28    16.67
19-Nov-2003    13837     6.67     0.00     6.67
20-Nov-2003    13838    22.80     0.14    22.94
21-Nov-2003    13839     0.95     0.21     1.16
22-Nov-2003    13840     0.45     0.00     0.45
23-Nov-2003    13841     0.27     0.65     0.92
24-Nov-2003    13842     0.00     0.32     0.32
25-Nov-2003    13843     0.00     0.44     0.44
26-Nov-2003    13844     0.00     0.30     0.30
27-Nov-2003    13845     0.00     5.14     5.14
28-Nov-2003    13846     0.00     0.25     0.25
29-Nov-2003    13847     0.00     1.27     1.27
30-Nov-2003    13848     0.00     0.00     0.00
01-Dec-2003    13849     0.00     0.00     0.00
02-Dec-2003    13850     0.00     0.21     0.21
03-Dec-2003    13851     0.00     0.00     0.00
04-Dec-2003    13852     0.00     0.26     0.26
05-Dec-2003    13853     0.00     0.11     0.11
06-Dec-2003    13854     0.00     0.00     0.00
07-Dec-2003    13855     0.00     0.00     0.00
08-Dec-2003    13856     0.00     0.00     0.00
09-Dec-2003    13857     0.00     0.00     0.00
10-Dec-2003    13858     0.00     0.00     0.00
11-Dec-2003    13859     0.00     0.00     0.00
12-Dec-2003    13860     0.00     0.00     0.00
13-Dec-2003    13861     0.00     0.00     0.00
14-Dec-2003    13862     0.09     0.00     0.09
15-Dec-2003    13863     0.00     0.00     0.00
16-Dec-2003    13864     0.00     0.00     0.00
17-Dec-2003    13865     0.55     0.00     0.55
18-Dec-2003    13866     1.23     0.00     1.23
19-Dec-2003    13867     2.21     0.00     2.21
20-Dec-2003    13868     0.68     0.00     0.68
21-Dec-2003    13869     0.76     0.08     0.84
22-Dec-2003    13870     1.44     0.28     1.71
23-Dec-2003    13871     2.74     0.00     2.74
24-Dec-2003    13872     1.80     0.00     1.80
25-Dec-2003    13873     4.57     0.60     5.17
26-Dec-2003    13874     3.54     0.00     3.54
27-Dec-2003    13875     0.00     0.00     0.00
28-Dec-2003    13876     0.00     0.00     0.00
29-Dec-2003    13877     0.00     0.00     0.00
30-Dec-2003    13878     0.00     0.00     0.00
31-Dec-2003    13879     0.00     0.00     0.00