
            DAILY SOLAR FLARE INDEX
           01 JAN 2008 - 31 DEC 2008
________________________________________________

 TIME (DAY)            NORTH    SOUTH    TOTAL
================================================
01-Jan-2008    15341     0.00     0.14     0.14
02-Jan-2008    15342     0.00     0.00     0.00
03-Jan-2008    15343     0.00     0.00     0.00
04-Jan-2008    15344     0.00     0.00     0.00
05-Jan-2008    15345     0.00     0.00     0.00
06-Jan-2008    15346     0.00     0.00     0.00
07-Jan-2008    15347     0.00     1.31     1.31
08-Jan-2008    15348     0.00     0.00     0.00
09-Jan-2008    15349     0.00     0.00     0.00
10-Jan-2008    15350     0.00     0.00     0.00
11-Jan-2008    15351     0.00     0.00     0.00
12-Jan-2008    15352     0.00     0.00     0.00
13-Jan-2008    15353     0.00     0.00     0.00
14-Jan-2008    15354     0.00     0.00     0.00
15-Jan-2008    15355     0.00     0.00     0.00
16-Jan-2008    15356     0.00     0.00     0.00
17-Jan-2008    15357     0.00     0.00     0.00
18-Jan-2008    15358     0.00     0.00     0.00
19-Jan-2008    15359     0.00     0.00     0.00
20-Jan-2008    15360     0.00     0.00     0.00
21-Jan-2008    15361     0.00     0.00     0.00
22-Jan-2008    15362     0.00     0.00     0.00
23-Jan-2008    15363     0.00     0.00     0.00
24-Jan-2008    15364     0.00     0.00     0.00
25-Jan-2008    15365     0.00     0.00     0.00
26-Jan-2008    15366     0.00     0.00     0.00
27-Jan-2008    15367     0.00     0.00     0.00
28-Jan-2008    15368     0.00     0.00     0.00
29-Jan-2008    15369     0.00     0.00     0.00
30-Jan-2008    15370     0.00     0.00     0.00
31-Jan-2008    15371     0.00     0.00     0.00
01-Feb-2008    15372     0.00     0.04     0.04
01-Feb-2008    15373     0.00     0.00     0.00
02-Feb-2008    15374     0.00     0.00     0.00
03-Feb-2008    15375     0.00     0.00     0.00
04-Feb-2008    15376     0.00     0.00     0.00
05-Feb-2008    15377     0.00     0.00     0.00
06-Feb-2008    15378     0.00     0.00     0.00
07-Feb-2008    15379     0.00     0.00     0.00
08-Feb-2008    15380     0.00     0.00     0.00
09-Feb-2008    15381     0.00     0.00     0.00
10-Feb-2008    15382     0.00     0.00     0.00
11-Feb-2008    15383     0.00     0.00     0.00
12-Feb-2008    15384     0.00     0.00     0.00
13-Feb-2008    15385     0.00     0.00     0.00
14-Feb-2008    15386     0.00     0.00     0.00
15-Feb-2008    15387     0.00     0.00     0.00
16-Feb-2008    15388     0.00     0.00     0.00
17-Feb-2008    15389     0.00     0.00     0.00
18-Feb-2008    15390     0.00     0.00     0.00
19-Feb-2008    15391     0.00     0.00     0.00
20-Feb-2008    15392     0.00     0.00     0.00
21-Feb-2008    15393     0.00     0.00     0.00
22-Feb-2008    15394     0.00     0.00     0.00
23-Feb-2008    15395     0.00     0.00     0.00
24-Feb-2008    15396     0.00     0.00     0.00
25-Feb-2008    15397     0.00     0.00     0.00
26-Feb-2008    15398     0.00     0.00     0.00
27-Feb-2008    15399     0.00     0.00     0.00
28-Feb-2008    15400     0.00     0.00     0.00
01-Mar-2008    15401     0.00     0.00     0.00
02-Mar-2008    15402     0.00     0.00     0.00
03-Mar-2008    15403     0.00     0.00     0.00
04-Mar-2008    15404     0.00     0.00     0.00
05-Mar-2008    15405     0.00     0.00     0.00
06-Mar-2008    15406     0.00     0.00     0.00
07-Mar-2008    15407     0.00     0.00     0.00
08-Mar-2008    15408     0.00     0.00     0.00
09-Mar-2008    15409     0.00     0.00     0.00
10-Mar-2008    15410     0.00     0.00     0.00
11-Mar-2008    15411     0.00     1.27     1.27
12-Mar-2008    15412     0.00     0.00     0.00
13-Mar-2008    15413     0.00     0.00     0.00
14-Mar-2008    15414     0.00     0.00     0.00
15-Mar-2008    15415     0.00     0.00     0.00
16-Mar-2008    15416     0.00     0.00     0.00
17-Mar-2008    15417     0.00     0.00     0.00
18-Mar-2008    15418     0.00     0.00     0.00
19-Mar-2008    15419     0.00     0.00     0.00
20-Mar-2008    15420     0.00     0.00     0.00
21-Mar-2008    15421     0.00     0.00     0.00
22-Mar-2008    15422     0.00     0.00     0.00
23-Mar-2008    15423     0.00     0.10     0.10
24-Mar-2008    15424     0.00     1.54     1.54
25-Mar-2008    15425     0.00     2.01     2.01
26-Mar-2008    15426     0.00     0.71     0.71
27-Mar-2008    15427     0.00     0.28     0.28
28-Mar-2008    15428     0.00     0.00     0.00
29-Mar-2008    15429     0.00     0.00     0.00
30-Mar-2008    15430     0.00     0.00     0.00
31-Mar-2008    15431     0.00     0.21     0.21
01-Apr-2008    15432     0.00     0.00     0.00
02-Apr-2008    15433     0.00     0.00     0.00
03-Apr-2008    15434     0.00     0.69     0.69
04-Apr-2008    15435     0.00     0.16     0.16
05-Apr-2008    15436     0.00     0.00     0.00
06-Apr-2008    15437     0.00     0.00     0.00
07-Apr-2008    15438     0.00     0.00     0.00
08-Apr-2008    15439     0.00     0.00     0.00
09-Apr-2008    15440     0.00     0.00     0.00
10-Apr-2008    15441     0.00     0.00     0.00
11-Apr-2008    15442     0.00     0.00     0.00
12-Apr-2008    15443     0.00     0.00     0.00
13-Apr-2008    15444     0.00     0.00     0.00
14-Apr-2008    15445     0.00     0.00     0.00
15-Apr-2008    15446     0.00     0.00     0.00
16-Apr-2008    15447     0.00     0.00     0.00
17-Apr-2008    15448     0.00     0.00     0.00
18-Apr-2008    15449     0.00     0.00     0.00
19-Apr-2008    15450     0.00     0.00     0.00
20-Apr-2008    15451     0.00     0.00     0.00
21-Apr-2008    15452     0.00     0.00     0.00
22-Apr-2008    15453     0.00     0.00     0.00
23-Apr-2008    15454     0.00     0.00     0.00
24-Apr-2008    15455     0.00     0.00     0.00
25-Apr-2008    15456     0.00     0.00     0.00
26-Apr-2008    15457     0.91     0.00     0.91
17-Apr-2008    15458     0.00     0.00     0.00
28-Apr-2008    15459     0.00     0.00     0.00
29-Apr-2008    15460     0.00     0.00     0.00
30-Apr-2008    15461     0.00     0.00     0.00
01-May-2008    15462     0.00     0.00     0.00
02-May-2008    15463     0.00     0.00     0.00
03-May-2008    15464     0.00     0.00     0.00
04-May-2008    15465     0.00     0.00     0.00
05-May-2008    15466     0.00     0.00     0.00
06-May-2008    15467     0.00     0.00     0.00
07-May-2008    15468     0.00     0.00     0.00
08-May-2008    15469     0.00     0.00     0.00
09-May-2008    15470     0.00     0.00     0.00
10-May-2008    15471     0.00     0.00     0.00
11-May-2008    15472     0.00     0.00     0.00
12-May-2008    15473     0.00     0.00     0.00
13-May-2008    15474     0.00     0.00     0.00
14-May-2008    15475     0.00     0.00     0.00
15-May-2008    15476     0.00     0.00     0.00
16-May-2008    15477     0.00     0.00     0.00
17-May-2008    15478     0.00     0.00     0.00
18-May-2008    15479     0.00     0.00     0.00
19-May-2008    15480     0.00     0.00     0.00
20-May-2008    15481     0.00     0.00     0.00
21-May-2008    15482     0.00     0.00     0.00
22-May-2008    15483     0.00     0.00     0.00
23-May-2008    15484     0.00     0.00     0.00
24-May-2008    15485     0.00     0.00     0.00
25-May-2008    15486     0.00     0.00     0.00
26-May-2008    15487     0.00     0.00     0.00
27-May-2008    15488     0.00     0.00     0.00
28-May-2008    15489     0.00     0.00     0.00
29-May-2008    15490     0.00     0.00     0.00
30-May-2008    15491     0.00     0.00     0.00
31-May-2008    15492     0.00     0.00     0.00
01-Jun-2008    15493     0.00     0.00     0.00
02-Jun-2008    15494     0.00     0.00     0.00
03-Jun-2008    15495     0.00     0.00     0.00
04-Jun-2008    15496     0.00     0.00     0.00
05-Jun-2008    15497     0.00     0.00     0.00
06-Jun-2008    15498     0.00     0.00     0.00
07-Jun-2008    15499     0.00     0.00     0.00
08-Jun-2008    15500     0.00     0.00     0.00
09-Jun-2008    15501     0.00     0.00     0.00
10-Jun-2008    15502     0.00     0.00     0.00
11-Jun-2008    15503     0.00     0.00     0.00
12-Jun-2008    15504     0.00     0.00     0.00
13-Jun-2008    15505     0.00     0.00     0.00
14-Jun-2008    15506     0.00     0.00     0.00
15-Jun-2008    15507     0.00     0.00     0.00
16-Jun-2008    15508     0.00     0.00     0.00
17-Jun-2008    15509     0.00     0.00     0.00
18-Jun-2008    15510     0.00     0.00     0.00
19-Jun-2008    15511     0.00     0.00     0.00
20-Jun-2008    15512     0.00     0.00     0.00
21-Jun-2008    15513     0.00     0.00     0.00
22-Jun-2008    15514     0.00     0.00     0.00
23-Jun-2008    15515     0.00     0.00     0.00
24-Jun-2008    15516     0.00     0.00     0.00
25-Jun-2008    15517     0.00     0.00     0.00
26-Jun-2008    15518     0.00     0.00     0.00
27-Jun-2008    15519     0.00     0.00     0.00
28-Jun-2008    15520     0.00     0.00     0.00
29-Jun-2008    15521     0.00     0.00     0.00
30-Jun-2008    15522     0.00     0.00     0.00
01-Jul-2008    15523     0.00     0.00     0.00
02-Jul-2008    15524     0.00     0.00     0.00
03-Jul-2008    15525     0.00     0.00     0.00
04-Jul-2008    15526     0.00     0.00     0.00
05-Jul-2008    15527     0.00     0.00     0.00
06-Jul-2008    15528     0.00     0.00     0.00
07-Jul-2008    15529     0.00     0.00     0.00
08-Jul-2008    15530     0.00     0.00     0.00
09-Jul-2008    15531     0.00     0.00     0.00
10-Jul-2008    15532     0.00     0.00     0.00
11-Jul-2008    15533     0.00     0.00     0.00
12-Jul-2008    15534     0.00     0.00     0.00
13-Jul-2008    15535     0.00     0.00     0.00
14-Jul-2008    15536     0.00     0.00     0.00
15-Jul-2008    15537     0.00     0.00     0.00
16-Jul-2008    15538     0.00     0.00     0.00
17-Jul-2008    15539     0.00     0.00     0.00
18-Jul-2008    15540     0.00     0.00     0.00
19-Jul-2008    15541     0.00     0.00     0.00
20-Jul-2008    15542     0.00     0.00     0.00
21-Jul-2008    15543     0.00     0.00     0.00
22-Jul-2008    15544     0.00     0.00     0.00
23-jul-2008    15545     0.00     0.00     0.00
24-Jul-2008    15546     0.00     0.00     0.00
25-Jul-2008    15547     0.00     0.00     0.00
26-Jul-2008    15548     0.00     0.00     0.00
27-Jul-2008    15549     0.00     0.00     0.00
28-Jul-2008    15550     0.00     0.00     0.00
29-Jul-2008    15551     0.00     0.00     0.00
30-Jul-2008    15552     0.00     0.00     0.00
31-Jul-2008    15553     0.00     0.00     0.00
01-Aug-2008    15554     0.00     0.00     0.00
02-Aug-2008    15555     0.00     0.00     0.00
03-Aug-2008    15556     0.00     0.00     0.00
04-Aug-2008    15557     0.00     0.00     0.00
05-Aug-2008    15558     0.00     0.00     0.00
06-Aug-2008    15559     0.00     0.00     0.00
07-Aug-2008    15560     0.00     0.00     0.00
08-Aug-2008    15561     0.00     0.00     0.00
09-Aug-2008    15562     0.00     0.00     0.00
10-Aug-2008    15563     0.00     0.00     0.00
11-Aug-2008    15564     0.00     0.00     0.00
12-Aug-2008    15565     0.00     0.00     0.00
13-Aug-2008    15566     0.00     0.00     0.00
14-Aug-2008    15567     0.00     0.00     0.00
15-Aug-2008    15568     0.00     0.00     0.00
16-Aug-2008    15569     0.00     0.00     0.00
17-Aug-2008    15570     0.00     0.00     0.00
18-Aug-2008    15571     0.00     0.00     0.00
19-Aug-2008    15572     0.00     0.00     0.00
20-Aug-2008    15573     0.00     0.00     0.00
21-Aug-2008    15574     0.00     0.00     0.00
22-Aug-2008    15575     0.00     0.00     0.00
23-Aug-2008    15576     0.00     0.00     0.00
24-Aug-2008    15577     0.00     0.00     0.00
25-Aug-2008    15578     0.00     0.00     0.00
26-Aug-2008    15579     0.00     0.00     0.00
27-Aug-2008    15580     0.00     0.00     0.00
28-Aug-2008    15581     0.00     0.00     0.00
29-Aug-2008    15582     0.00     0.00     0.00
30-Aug-2008    15583     0.00     0.00     0.00
31-Aug-2008    15584     0.00     0.00     0.00
01-Sep-2008    15585     0.00     0.00     0.00
02-Sep-2008    15586     0.00     0.00     0.00
03-Sep-2008    15587     0.00     0.00     0.00
04-Sep-2008    15588     0.00     0.00     0.00
05-Sep-2008    15589     0.00     0.00     0.00
06-Sep-2008    15590     0.00     0.00     0.00
07-Sep-2008    15591     0.00     0.00     0.00
08-Sep-2008    15592     0.00     0.00     0.00
09-Sep-2008    15593     0.00     0.00     0.00
10-Sep-2008    15594     0.00     0.00     0.00
11-Sep-2008    15595     0.00     0.00     0.00
12-Sep-2008    15596     0.00     0.00     0.00
13-Sep-2008    15597     0.00     0.00     0.00
14-Sep-2008    15598     0.00     0.00     0.00
15-Sep-2008    15599     0.00     0.00     0.00
16-Sep-2008    15600     0.00     0.00     0.00
17-Sep-2008    15601     0.00     0.00     0.00
18-Sep-2008    15602     0.00     0.00     0.00
19-Sep-2008    15603     0.00     0.00     0.00
20-Sep-2008    15604     0.00     0.00     0.00
21-Sep-2008    15605     0.00     0.00     0.00
22-Sep-2008    15606     0.00     0.00     0.00
23-Sep-2008    15607     0.00     0.00     0.00
24-Sep-2008    15608     0.00     0.00     0.00
25-Sep-2008    15609     0.00     0.00     0.00
26-Sep-2008    15610     0.00     0.00     0.00
27-Sep-2008    15611     0.00     0.00     0.00
28-Sep-2008    15612     0.00     0.00     0.00
29-Sep-2008    15613     0.00     0.00     0.00
30-Sep-2008    15614     0.00     0.00     0.00
01-Oct-2008    15615     0.00     0.00     0.00
02-Oct-2008    15616     0.00     0.00     0.00
03-Oct-2008    15617     0.00     0.00     0.00
04-Oct-2008    15618     0.00     0.00     0.00
05-Oct-2008    15619     0.00     0.00     0.00
06-Oct-2008    15620     0.00     0.00     0.00
07-Oct-2008    15621     0.00     0.00     0.00
08-Oct-2008    15622     0.00     0.00     0.00
09-Oct-2008    15623     0.00     0.00     0.00
10-Oct-2008    15624     0.00     0.00     0.00
11-Oct-2008    15625     0.00     0.00     0.00
12-Oct-2008    15626     0.00     0.00     0.00
13-Oct-2008    15627     0.00     0.00     0.00
14-Oct-2008    15628     0.00     0.00     0.00
15-Oct-2008    15629     0.00     0.00     0.00
16-Oct-2008    15630     0.00     0.00     0.00
17-Oct-2008    15631     0.00     0.00     0.00
18-Oct-2008    15632     0.00     0.00     0.00
19-Oct-2008    15633     0.00     0.00     0.00
20-Oct-2008    15634     0.00     0.00     0.00
21-Oct-2008    15635     0.00     0.00     0.00
22-Oct-2008    15636     0.00     0.00     0.00
23-Oct-2008    15637     0.00     0.00     0.00
24-Oct-2008    15638     0.00     0.00     0.00
25-Oct-2008    15639     0.00     0.00     0.00
26-Oct-2008    15640     0.00     0.00     0.00
27-Oct-2008    15641     0.00     0.00     0.00
28-Oct-2008    15642     0.00     0.00     0.00
29-Oct-2008    15643     0.00     0.00     0.00
30-Oct-2008    15644     0.00     0.00     0.00
31-Oct-2008    15645     0.00     0.00     0.00
01-Nov-2008    15646     0.00     0.00     0.00
02-Nov-2008    15647     0.25     0.00     0.25
03-Nov-2008    15648     0.43     0.00     0.43
04-Nov-2008    15649     0.16     0.00     0.16
05-Nov-2008    15650     0.05     0.00     0.05
06-Nov-2008    15651     0.00     0.00     0.00
07-Nov-2008    15652     0.00     0.00     0.00
08-Nov-2008    15653     0.00     0.00     0.00
09-Nov-2008    15654     0.00     0.00     0.00
10-Nov-2008    15655     0.00     0.00     0.00
11-Nov-2008    15656     0.00     0.00     0.00
12-Nov-2008    15657     0.00     0.00     0.00
13-Nov-2008    15658     0.00     0.00     0.00
14-Nov-2008    15659     0.00     0.00     0.00
15-Nov-2008    15660     0.00     0.00     0.00
16-Nov-2008    15661     0.00     0.00     0.00
17-Nov-2008    15662     0.00     0.00     0.00
18-Nov-2008    15663     0.00     0.00     0.00
19-Nov-2008    15664     0.00     0.00     0.00
20-Nov-2008    15665     0.00     0.00     0.00
21-Nov-2008    15666     0.00     0.00     0.00
22-Nov-2008    15667     0.00     0.00     0.00
23-Nov-2008    15668     0.00     0.00     0.00
24-Nov-2008    15669     0.00     0.00     0.00
25-Nov-2008    15670     0.00     0.00     0.00
26-Nov-2008    15671     0.00     0.00     0.00
27-Nov-2008    15672     0.00     0.00     0.00
28-Nov-2008    15673     0.00     0.00     0.00
29-Nov-2008    15674     0.00     0.00     0.00
30-Nov-2008    15675     0.00     0.00     0.00
01-Dec-2008    15676     0.00     0.00     0.00
02-Dec-2008    15677     0.00     0.00     0.00
03-Dec-2008    15678     0.00     0.00     0.00
04-Dec-2008    15679     0.00     0.00     0.00
05-Dec-2008    15680     0.00     0.00     0.00
06-Dec-2008    15681     0.00     0.00     0.00
07-Dec-2008    15682     0.00     0.00     0.00
08-Dec-2008    15683     0.00     0.00     0.00
09-Dec-2008    15684     0.00     0.00     0.00
10-Dec-2008    15685     0.00     0.00     0.00
11-Dec-2008    15686     0.00     0.00     0.00
12-Dec-2008    15687     0.00     0.00     0.00
13-Dec-2008    15688     0.00     0.00     0.00
14-Dec-2008    15689     0.00     0.00     0.00
15-Dec-2008    15690     0.00     0.00     0.00
16-Dec-2008    15691     0.00     0.00     0.00
17-Dec-2008    15692     0.00     0.00     0.00
18-Dec-2008    15693     0.00     0.00     0.00
19-Dec-2008    15694     0.00     0.00     0.00
20-Dec-2008    15695     0.00     0.00     0.00
21-Dec-2008    15696     0.00     0.00     0.00
22-Dec-2008    15697     0.00     0.00     0.00
23-Dec-2008    15698     0.00     0.00     0.00
24-Dec-2008    15699     0.00     0.00     0.00
25-Dec-2008    15700     0.00     0.00     0.00
26-Dec-2008    15701     0.00     0.00     0.00
27-Dec-2008    15702     0.00     0.00     0.00
28-Dec-2008    15703     0.00     0.00     0.00
29-Dec-2008    15704     0.00     0.00     0.00
30-Dec-2008    15705     0.00     0.00     0.00
31-Dec-2008    15706     0.00     0.00     0.00
