
            DAILY SOLAR FLARE INDEX
           01 JAN 1967 - 31 DEC 1967
________________________________________________

  TIME (DAY)            NORTH    SOUTH    TOTAL
================================================
  01-Jan-67      366     2.21     4.71     6.92
  02-Jan-67      367     0.92     3.38     4.29
  03-Jan-67      368     5.08     9.79    14.88
  04-Jan-67      369     4.58     3.50     8.08
  05-Jan-67      370     3.58    13.28    16.85
  06-Jan-67      371     0.00     0.48     0.48
  07-Jan-67      372     0.78     3.17     3.95
  08-Jan-67      373     1.50     0.00     1.50
  09-Jan-67      374     0.46     1.67     2.13
  10-Jan-67      375     8.04     0.00     8.04
  11-Jan-67      376     4.95    29.64    34.59
  12-Jan-67      377     1.52     2.65     4.17
  13-Jan-67      378    12.29     7.67    19.96
  14-Jan-67      379    11.54     0.00    11.54
  15-Jan-67      380     5.75     0.00     5.75
  16-Jan-67      381     1.42     0.00     1.42
  17-Jan-67      382     1.54     0.25     1.79
  18-Jan-67      383     5.33     0.00     5.33
  19-Jan-67      384     3.00     0.00     3.00
  20-Jan-67      385     3.67     0.38     4.04
  21-Jan-67      386    10.79     0.00    10.79
  22-Jan-67      387     3.83     0.00     3.83
  23-Jan-67      388     3.11     0.00     3.11
  24-Jan-67      389     5.02     0.73     5.76
  25-Jan-67      390     1.27     0.76     2.03
  26-Jan-67      391     6.16     0.00     6.16
  27-Jan-67      392     4.36     0.00     4.36
  28-Jan-67      393     2.13     2.83     4.96
  29-Jan-67      394     1.25     6.50     7.75
  30-Jan-67      395     0.00     1.29     1.29
  31-Jan-67      396     8.54     0.38     8.92
  01-Feb-67      397     2.21     0.85     3.06
  02-Feb-67      398     2.02     0.70     2.72
  03-Feb-67      399     4.25     1.17     5.42
  04-Feb-67      400    17.17     0.00    17.17
  05-Feb-67      401     0.79     6.25     7.04
  06-Feb-67      402     7.71     0.00     7.71
  07-Feb-67      403    18.75     0.00    18.75
  08-Feb-67      404     8.49     0.00     8.49
  09-Feb-67      405     4.29     0.00     4.29
  10-Feb-67      406     0.85     0.00     0.85
  11-Feb-67      407     0.00     0.00     0.00
  12-Feb-67      408     4.38     0.00     4.38
  13-Feb-67      409    35.91     0.00    35.91
  14-Feb-67      410     1.96     0.00     1.96
  15-Feb-67      411     1.96     0.00     1.96
  16-Feb-67      412     5.58     0.00     5.58
  17-Feb-67      413     5.58     0.00     5.58
  18-Feb-67      414    17.13     0.00    17.13
  19-Feb-67      415     0.00     0.00     0.00
  20-Feb-67      416     0.73     0.68     1.41
  21-Feb-67      417    10.19     0.00    10.19
  22-Feb-67      418    38.38     0.00    38.38
  23-Feb-67      419    13.53     0.00    13.53
  24-Feb-67      420    14.67     0.00    14.67
  25-Feb-67      421    19.25     0.00    19.25
  26-Feb-67      422     5.38     0.00     5.38
  27-Feb-67      423    18.33     0.00    18.33
  28-Feb-67      424     7.25     0.00     7.25
  01-Mar-67      425     7.96     0.00     7.96
  02-Mar-67      426    11.22     1.09    12.31
  03-Mar-67      427     8.92     2.46    11.38
  04-Mar-67      428    15.17     8.63    23.79
  05-Mar-67      429     2.83     1.08     3.92
  06-Mar-67      430    15.08     0.00    15.08
  07-Mar-67      431     0.00     2.91     2.91
  08-Mar-67      432     0.00     1.95     1.95
  09-Mar-67      433     3.31     0.00     3.31
  10-Mar-67      434     1.33     0.00     1.33
  11-Mar-67      435     1.56     0.00     1.56
  12-Mar-67      436     1.10     0.68     1.78
  13-Mar-67      437     0.00     0.00     0.00
  14-Mar-67      438     0.00     0.96     0.96
  15-Mar-67      439     0.00     3.71     3.71
  16-Mar-67      440     1.17     2.08     3.25
  17-Mar-67      441     1.25     1.25     2.50
  18-Mar-67      442     0.00     3.19     3.19
  19-Mar-67      443     2.33     0.42     2.75
  20-Mar-67      444     7.96     0.38     8.33
  21-Mar-67      445     4.79     0.00     4.79
  22-Mar-67      446    15.33     0.00    15.33
  23-Mar-67      447     9.17     0.00     9.17
  24-Mar-67      448     3.46     0.00     3.46
  25-Mar-67      449     8.96     1.46    10.42
  26-Mar-67      450    22.92     2.29    25.21
  27-Mar-67      451     9.96     1.46    11.42
  28-Mar-67      452     6.26     3.02     9.28
  29-Mar-67      453     9.79     5.00    14.79
  30-Mar-67      454    10.96     4.42    15.38
  31-Mar-67      455    21.52     3.46    24.98
  01-Apr-67      456    16.02    14.82    30.84
  02-Apr-67      457     2.21     7.25     9.46
  03-Apr-67      458     5.83     7.29    13.13
  04-Apr-67      459     0.00     7.79     7.79
  05-Apr-67      460     1.00     1.83     2.83
  06-Apr-67      461     2.38     0.00     2.38
  07-Apr-67      462     1.97     0.00     1.97
  08-Apr-67      463     3.33     3.04     6.38
  09-Apr-67      464     1.38     8.42     9.79
  10-Apr-67      465     1.38     3.96     5.33
  11-Apr-67      466     4.03     7.10    11.13
  12-Apr-67      467     1.67     4.58     6.25
  13-Apr-67      468     4.76     0.82     5.58
  14-Apr-67      469     9.96     0.00     9.96
  15-Apr-67      470     1.21     0.00     1.21
  16-Apr-67      471     0.00     0.88     0.88
  17-Apr-67      472    15.08     0.00    15.08
  18-Apr-67      473     1.06     0.00     1.06
  19-Apr-67      474    11.33     0.00    11.33
  20-Apr-67      475     2.49     0.00     2.49
  21-Apr-67      476     0.29     1.00     1.29
  22-Apr-67      477     0.42     0.00     0.42
  23-Apr-67      478     6.04     8.67    14.71
  24-Apr-67      479     4.83     0.00     4.83
  25-Apr-67      480     4.96     6.75    11.71
  26-Apr-67      481     0.00     9.25     9.25
  27-Apr-67      482     5.83    11.08    16.92
  28-Apr-67      483     9.88     7.92    17.79
  29-Apr-67      484     8.92     8.08    17.00
  30-Apr-67      485     2.88    15.00    17.88
  01-May-67      486     2.58     5.92     8.50
  02-May-67      487     1.50     0.00     1.50
  03-May-67      488    24.33     0.46    24.79
  04-May-67      489    10.96     0.00    10.96
  05-May-67      490     0.00     0.50     0.50
  06-May-67      491     0.00     8.75     8.75
  07-May-67      492     1.38     0.63     2.00
  08-May-67      493     0.00    11.29    11.29
  09-May-67      494     0.00     0.00     0.00
  10-May-67      495     0.00     7.00     7.00
  11-May-67      496     0.00     0.00     0.00
  12-May-67      497     1.96     0.00     1.96
  13-May-67      498     0.00     0.00     0.00
  14-May-67      499     0.00     2.79     2.79
  15-May-67      500     0.00     3.08     3.08
  16-May-67      501     0.21     0.38     0.58
  17-May-67      502     1.39     0.59     1.97
  18-May-67      503     8.33     1.42     9.75
  19-May-67      504     7.54     5.13    12.67
  20-May-67      505    13.21     0.00    13.21
  21-May-67      506    19.67     1.08    20.75
  22-May-67      507     2.88     1.00     3.88
  23-May-67      508    32.54     1.88    34.42
  24-May-67      509    17.21     7.50    24.71
  25-May-67      510    16.63     2.58    19.21
  26-May-67      511    19.88     1.25    21.13
  27-May-67      512    11.04     0.38    11.42
  28-May-67      513    17.29     0.00    17.29
  29-May-67      514    10.21     0.00    10.21
  30-May-67      515     3.88     0.00     3.88
  31-May-67      516     2.46     0.00     2.46
  01-Jun-67      517     4.83     0.33     5.17
  02-Jun-67      518    13.70     0.00    13.70
  03-Jun-67      519     7.46     2.75    10.21
  04-Jun-67      520    12.29    10.54    22.83
  05-Jun-67      521     0.00    13.33    13.33
  06-Jun-67      522     3.58     0.00     3.58
  07-Jun-67      523     1.00     2.13     3.13
  08-Jun-67      524     0.17     0.00     0.17
  09-Jun-67      525     0.79     0.00     0.79
  10-Jun-67      526     0.00     0.00     0.00
  11-Jun-67      527     2.46     0.00     2.46
  12-Jun-67      528     0.00     0.00     0.00
  13-Jun-67      529     2.00     1.67     3.67
  14-Jun-67      530     1.75     0.00     1.75
  15-Jun-67      531     0.00     7.54     7.54
  16-Jun-67      532     2.98     1.76     4.75
  17-Jun-67      533     6.58     0.00     6.58
  18-Jun-67      534    13.63     0.00    13.63
  19-Jun-67      535     3.71     0.00     3.71
  20-Jun-67      536     0.46     0.00     0.46
  21-Jun-67      537     0.00     0.00     0.00
  22-Jun-67      538     9.71     4.13    13.83
  23-Jun-67      539    13.21     0.50    13.71
  24-Jun-67      540     1.25     4.67     5.92
  25-Jun-67      541     2.29     0.00     2.29
  26-Jun-67      542     1.17     0.00     1.17
  27-Jun-67      543     3.13     2.00     5.13
  28-Jun-67      544     4.17     2.67     6.83
  29-Jun-67      545     3.33     0.75     4.08
  30-Jun-67      546     5.00     4.46     9.46
  01-Jul-67      547     8.46     0.00     8.46
  02-Jul-67      548     7.63     0.33     7.96
  03-Jul-67      549     1.08     2.46     3.54
  04-Jul-67      550     0.83     8.25     9.08
  05-Jul-67      551     6.50     0.00     6.50
  06-Jul-67      552     3.96     0.00     3.96
  07-Jul-67      553     8.96     0.00     8.96
  08-Jul-67      554     2.83     1.29     4.13
  09-Jul-67      555     2.04     3.33     5.38
  10-Jul-67      556     1.29     0.00     1.29
  11-Jul-67      557     0.00     5.09     5.09
  12-Jul-67      558     0.00     4.45     4.45
  13-Jul-67      559     3.96     3.79     7.75
  14-Jul-67      560     2.33     3.33     5.67
  15-Jul-67      561     2.78     0.84     3.63
  16-Jul-67      562     1.11     0.26     1.37
  17-Jul-67      563     1.08     3.58     4.67
  18-Jul-67      564     0.29     0.00     0.29
  19-Jul-67      565     0.00     2.31     2.31
  20-Jul-67      566     0.58     6.25     6.83
  21-Jul-67      567     6.13     1.79     7.92
  22-Jul-67      568    17.71     3.46    21.17
  23-Jul-67      569    12.10     0.00    12.10
  24-Jul-67      570    27.29     1.58    28.88
  25-Jul-67      571    18.08     0.00    18.08
  26-Jul-67      572    10.21     1.00    11.21
  27-Jul-67      573     9.33     0.00     9.33
  28-Jul-67      574    11.50    10.67    22.17
  29-Jul-67      575    15.92    12.63    28.54
  30-Jul-67      576    26.45     0.00    26.45
  31-Jul-67      577    26.38     0.00    26.38
  01-Aug-67      578    12.50     1.58    14.08
  02-Aug-67      579     9.17     0.00     9.17
  03-Aug-67      580     6.08     0.00     6.08
  04-Aug-67      581    18.29     0.00    18.29
  05-Aug-67      582     7.02     0.00     7.02
  06-Aug-67      583     5.83     2.29     8.13
  07-Aug-67      584     1.88     1.46     3.33
  08-Aug-67      585     0.00     1.71     1.71
  09-Aug-67      586     3.25     9.58    12.83
  10-Aug-67      587     4.71     0.00     4.71
  11-Aug-67      588     0.76     0.00     0.76
  12-Aug-67      589     4.09     8.77    12.85
  13-Aug-67      590     3.06     0.00     3.06
  14-Aug-67      591     3.42     0.83     4.25
  15-Aug-67      592     0.00     6.00     6.00
  16-Aug-67      593     0.00     0.46     0.46
  17-Aug-67      594    12.21     2.25    14.46
  18-Aug-67      595    12.63     5.08    17.71
  19-Aug-67      596     6.83     0.00     6.83
  20-Aug-67      597     6.42     1.46     7.88
  21-Aug-67      598    12.92     0.17    13.08
  22-Aug-67      599     5.54     0.00     5.54
  23-Aug-67      600    15.68     0.00    15.68
  24-Aug-67      601     8.58     1.08     9.67
  25-Aug-67      602     0.25    14.96    15.21
  26-Aug-67      603     4.83     5.17    10.00
  27-Aug-67      604     2.54     1.88     4.42
  28-Aug-67      605     0.00     6.61     6.61
  29-Aug-67      606    23.21     4.47    27.68
  30-Aug-67      607     7.84     0.00     7.84
  31-Aug-67      608     1.20     0.51     1.71
  01-Sep-67      609     3.63     0.00     3.63
  02-Sep-67      610     3.59     0.00     3.59
  03-Sep-67      611     3.00     0.67     3.67
  04-Sep-67      612     0.00     0.00     0.00
  05-Sep-67      613     0.00     2.79     2.79
  06-Sep-67      614     0.00     2.75     2.75
  07-Sep-67      615     0.00     0.00     0.00
  08-Sep-67      616     1.18     0.00     1.18
  09-Sep-67      617     4.92     0.00     4.92
  10-Sep-67      618     4.83     0.46     5.29
  11-Sep-67      619     0.71     0.00     0.71
  12-Sep-67      620     2.88     0.00     2.88
  13-Sep-67      621     1.13     0.00     1.13
  14-Sep-67      622     0.00     0.75     0.75
  15-Sep-67      623     0.84     0.00     0.84
  16-Sep-67      624     3.55     0.00     3.55
  17-Sep-67      625    10.76     0.00    10.76
  18-Sep-67      626    15.63     0.00    15.63
  19-Sep-67      627     5.50     0.00     5.50
  20-Sep-67      628     0.50     0.00     0.50
  21-Sep-67      629     0.35     0.00     0.35
  22-Sep-67      630     1.83     1.33     3.17
  23-Sep-67      631     0.00     0.00     0.00
  24-Sep-67      632     1.07     1.16     2.22
  25-Sep-67      633     2.42     2.17     4.58
  26-Sep-67      634     2.61     0.00     2.61
  27-Sep-67      635     3.29     1.42     4.71
  28-Sep-67      636     8.75     0.42     9.17
  29-Sep-67      637     1.04     0.00     1.04
  30-Sep-67      638     1.88     1.75     3.63
  01-Oct-67      639     4.75     0.29     5.04
  02-Oct-67      640     0.80     2.28     3.08
  03-Oct-67      641     0.55     2.56     3.11
  04-Oct-67      642     1.79     0.00     1.79
  05-Oct-67      643     0.00     5.40     5.40
  06-Oct-67      644     2.64     9.25    11.89
  07-Oct-67      645     0.17    12.70    12.87
  08-Oct-67      646     0.00     7.33     7.33
  09-Oct-67      647     2.38     0.33     2.71
  10-Oct-67      648     0.61     0.00     0.61
  11-Oct-67      649     1.18     0.00     1.18
  12-Oct-67      650     1.34     0.00     1.34
  13-Oct-67      651     7.12     0.00     7.12
  14-Oct-67      652     7.75     0.00     7.75
  15-Oct-67      653     1.13     0.00     1.13
  16-Oct-67      654     0.00     0.64     0.64
  17-Oct-67      655     0.00     0.42     0.42
  18-Oct-67      656     0.00     0.00     0.00
  19-Oct-67      657     7.92     0.00     7.92
  20-Oct-67      658    16.13     0.00    16.13
  21-Oct-67      659     7.02     0.00     7.02
  22-Oct-67      660     9.67     0.00     9.67
  23-Oct-67      661     4.79     8.33    13.12
  24-Oct-67      662     7.83     4.42    12.25
  25-Oct-67      663     7.43     0.00     7.43
  26-Oct-67      664     4.58     0.00     4.58
  27-Oct-67      665     5.67     1.21     6.88
  28-Oct-67      666     7.72     5.44    13.16
  29-Oct-67      667     8.88     2.14    11.03
  30-Oct-67      668     6.67     9.79    16.46
  31-Oct-67      669     1.92    10.13    12.04
  01-Nov-67      670     0.00     6.88     6.88
  02-Nov-67      671     5.69     3.81     9.50
  03-Nov-67      672     2.16     0.43     2.59
  04-Nov-67      673     0.67     1.96     2.63
  05-Nov-67      674     0.00     2.94     2.94
  06-Nov-67      675     0.00     0.90     0.90
  07-Nov-67      676     2.79     4.71     7.50
  08-Nov-67      677     0.00     0.00     0.00
  09-Nov-67      678     0.00     0.60     0.60
  10-Nov-67      679     0.00     4.83     4.83
  11-Nov-67      680     0.00     2.65     2.65
  12-Nov-67      681     6.29     0.00     6.29
  13-Nov-67      682    15.58     0.00    15.58
  14-Nov-67      683     0.00     0.00     0.00
  15-Nov-67      684     2.99     0.00     2.99
  16-Nov-67      685    23.58     0.00    23.58
  17-Nov-67      686    13.58     0.00    13.58
  18-Nov-67      687     7.81     0.92     8.73
  19-Nov-67      688    12.71     0.00    12.71
  20-Nov-67      689    18.75     0.00    18.75
  21-Nov-67      690     4.14     0.00     4.14
  22-Nov-67      691     1.88     0.25     2.13
  23-Nov-67      692     1.57     0.00     1.57
  24-Nov-67      693     6.30     0.00     6.30
  25-Nov-67      694     4.83     5.65    10.47
  26-Nov-67      695     2.01     0.00     2.01
  27-Nov-67      696     5.21     0.33     5.54
  28-Nov-67      697     0.51     1.50     2.01
  29-Nov-67      698     0.68     2.66     3.33
  30-Nov-67      699     4.79     3.03     7.82
  01-Dec-67      700     5.00     9.13    14.13
  02-Dec-67      701     0.37     6.22     6.60
  03-Dec-67      702     0.00     0.63     0.63
  04-Dec-67      703     0.00     4.62     4.62
  05-Dec-67      704     4.26     0.86     5.12
  06-Dec-67      705     1.21     3.94     5.15
  07-Dec-67      706     0.59     0.59     1.19
  08-Dec-67      707     0.00     0.75     0.75
  09-Dec-67      708     0.00     4.62     4.62
  10-Dec-67      709     0.92     4.13     5.04
  11-Dec-67      710     3.75     5.54     9.29
  12-Dec-67      711     3.83     0.00     3.83
  13-Dec-67      712     6.67     6.57    13.23
  14-Dec-67      713    13.27     3.27    16.54
  15-Dec-67      714     4.62    11.05    15.67
  16-Dec-67      715    24.59     0.92    25.51
  17-Dec-67      716    18.53     2.46    20.99
  18-Dec-67      717    14.13     2.28    16.41
  19-Dec-67      718     2.83     0.57     3.40
  20-Dec-67      719     2.54     0.00     2.54
  21-Dec-67      720     3.84     0.00     3.84
  22-Dec-67      721     1.32     1.28     2.60
  23-Dec-67      722     3.61     0.97     4.58
  24-Dec-67      723     1.54     1.17     2.71
  25-Dec-67      724     1.00     1.04     2.04
  26-Dec-67      725     0.71    13.92    14.63
  27-Dec-67      726     0.00     8.92     8.92
  28-Dec-67      727     0.00    10.63    10.63
  29-Dec-67      728     0.00    13.88    13.88
  30-Dec-67      729     0.00     1.88     1.88
  31-Dec-67      730     0.00     2.63     2.63